date,n_mean_ICU,n_std_ICU,n_mean_ICU_SUS,n_std_ICU_SUS,confirmed,confirmed_per_100k_inhabitants,growth_rate,growth_rate_EWM,growth_accel,growth_accel_EWM,growth_rate_EWM_NORM_(%),growth_accel_EWM_NORM_(%),growth_rate_NORM_(%),growth_accel_NORM_(%)
2020-03-08,0.0,0.9655688646198325,0.0,0.9655688646198325,1,0.00472,0,0.0,0.0,0.0,0.0,0.0,0.0,0.0
2020-03-09,0.0,0.9682849568054633,0.0,0.9682849568054633,1,0.00472,0,0.0,0.0,0.0,0.0,0.0,0.0,0.0
2020-03-10,0.0,0.9646268970462365,0.0,0.9646268970462365,1,0.00472,0,0.0,0.0,0.0,0.0,0.0,0.0,0.0
2020-03-11,0.0,0.9681806326165262,0.0,0.9681806326165262,1,0.00472,0,0.0,0.0,0.0,0.0,0.0,0.0,0.0
2020-03-12,0.0,1.381844763168045,0.0,1.381844763168045,2,0.00945,1,0.21332612329761652,0.21332612329761652,0.05474492832698686,10.666306164880826,2.737246416349343,50.0,10.666306164880826
2020-03-13,0.0,1.3501215807579265,0.0,1.3501215807579265,2,0.00945,0,0.1747948680131914,-0.03853125528442511,0.033592127298724656,8.73974340065957,1.6796063649362327,0.0,-1.9265627642212555
2020-03-14,0.0,1.9110523834058586,0.0,1.9110523834058586,4,0.0189,2,0.4618739135322734,0.28707904551908203,0.08576675443307859,11.546847838306835,2.144168860826965,50.0,7.176976137977051
2020-03-16,0.0,2.365321854367282,0.0,2.365321854367282,6,0.028339999999999997,2,0.67691353129808,0.21503961776580655,0.11038486443746519,11.281892188301333,1.8397477406244198,33.333333333333336,3.5839936294301094
2020-03-17,0.21000000000000002,3.6061531309749455,0.0,3.6061531309749455,14,0.06614,8,1.6013095781744173,0.9243960468763374,0.2558807289775738,11.437925558388695,1.8277194926969558,57.142857142857146,6.602828906259552
2020-03-18,0.48,4.331069338646245,0.0,4.331069338646245,19,0.08975,5,1.9934749023469294,0.39216532417251204,0.2789978544905077,10.491973170246997,1.4684097604763562,26.31578947368421,2.0640280219605898
2020-03-19,1.03,5.219060153790996,0.84,5.231920191372274,29,0.13699,10,2.8464206712221176,0.8529457688751882,0.3721943504184492,9.815243693869371,1.2834287945463767,34.48275862068966,2.9411923064661667
2020-03-20,1.7,5.999363602613501,0.8,6.0126835636314375,38,0.17951,9,3.45664621837731,0.6102255471551925,0.40945272989760584,9.096437416782395,1.077507183941068,23.68421052631579,1.6058567030399802
2020-03-21,2.5300000000000002,7.4915853806221495,1.47,7.518839771876477,55,0.25982,17,4.715461132411417,1.2588149140341072,0.5383377009410956,8.573565695293485,0.978795819892901,30.90909090909091,2.2887543891529223
2020-03-22,5.08,9.040811508226058,3.83,9.091610018433078,83,0.39209,28,6.755860756127099,2.0403996237156816,0.7603286874951485,8.139591272442289,0.916058659632709,33.734939759036145,2.4583127996574476
2020-03-23,7.540000000000001,11.239471212264087,5.38,11.293419018672473,128,0.6046600000000001,45,9.931326091152574,3.175465335025475,1.1093101709189572,7.758848508712949,0.8666485710304354,35.15625,2.4808322929886524
2020-03-24,7.909999999999999,11.543740750079696,5.36,11.598635717404463,130,0.61411,2,9.3045978890547,-0.6267282020978744,0.8632542709365372,7.157382991580538,0.6640417468742593,1.5384615384615385,-0.4820986169983649
2020-03-25,8.13,11.56517093638822,6.16,11.624438859053749,133,0.6282800000000001,3,8.828667787442162,-0.475930101612537,0.67657012804129,6.638096080783581,0.5086993443919473,2.255639097744361,-0.3578421816635617
2020-03-26,8.950000000000001,12.204519406326247,6.17,12.259339049858845,153,0.7227600000000001,20,9.637037696984665,0.8083699095425025,0.6946823577931068,6.298717449009585,0.45404075672752087,13.071895424836601,0.5283463461062108
2020-03-27,11.49,13.674348801735135,8.5,13.754919670849231,189,0.8928200000000001,36,11.471137718921318,1.8341000219366528,0.849342523652041,6.069385036466306,0.44938757865187356,19.047619047619047,0.9704232920299749
2020-03-28,12.81,13.91241241452823,9.23,13.981856786275534,205,0.96841,16,11.774881986500695,0.30374426757937734,0.7760717632619369,5.743844871463754,0.3785715918350912,7.804878048780488,0.14816793540457432
2020-03-29,14.909999999999998,15.1011433442316,10.63,15.170287746217285,231,1.09123,26,12.69684612704627,0.9219641405455743,0.7954838617593174,5.496470184868515,0.34436530812091665,11.255411255411255,0.39911867556085473
2020-03-30,15.820000000000002,16.18855007514118,11.59,16.27363061935945,261,1.23295,30,13.782947853221653,1.086101726175384,0.8338437044664123,5.2808229322688325,0.31948034653885526,11.494252873563218,0.4161309295691127
2020-03-31,17.95,16.996542042843345,12.83,17.088696305281495,275,1.29908,14,13.796168622111466,0.013220768889812717,0.7262786412951863,5.016788589858715,0.26410132410734044,5.090909090909091,0.004807552323568261
2020-04-01,19.990000000000002,17.735447954348775,14.38,17.82082248779259,314,1.48332,39,15.28858672067497,1.4924180985635047,0.8260955354257006,4.868976662635341,0.2630877501355734,12.420382165605096,0.47529238807754925
2020-04-02,23.180000000000003,19.7583836189179,17.64,19.86766526878091,370,1.7478599999999997,56,17.635993409533665,2.347406688858694,1.0232582711497844,4.766484705279368,0.2765562894999417,15.135135135135135,0.6344342402320795
2020-04-03,23.21,20.7587671876611,17.66,20.884224073484635,397,1.8754,27,18.162543723443797,0.526550313910132,0.9591794520443031,4.574948041169722,0.24160691487262043,6.801007556675063,0.1326323208841642
2020-04-04,25.459999999999997,22.54192291906103,18.9,22.626716263940928,430,2.0312900000000003,33,18.97733995176919,0.8147962283253918,0.940627339846936,4.413334872504462,0.21875054415045025,7.674418604651163,0.18948749495939343
2020-04-05,26.999999999999996,24.112890135922548,19.76,24.19987336138499,498,2.35252,68,21.609768182835907,2.6324282310667186,1.1572539948311538,4.339310880087531,0.23238032024721963,13.654618473895582,0.5286000463989394
2020-04-06,28.470000000000002,25.771448946616893,21.38,25.874373051497905,525,2.48007,27,21.89313839444229,0.28337021160638187,1.045697231705335,4.170121598941389,0.19918042508673048,5.142857142857143,0.0539752784012156
2020-04-07,28.43,26.592213620767364,21.3,26.691118846023024,559,2.64068,34,22.516937733308342,0.6237993388660534,0.9919819945753205,4.0280747286777,0.17745652854656896,6.082289803220036,0.1115920105305999
2020-04-08,32.64,27.46459693584606,24.03,27.55273461652191,614,2.9005,55,24.158973439350213,1.6420357060418702,1.0745541861014607,3.9346862279072004,0.17500882509795776,8.957654723127035,0.2674325254139854
2020-04-09,34.67,27.79903034062138,26.16,27.90986363060178,655,3.0941799999999997,41,24.995003063156567,0.836029623806354,1.044317115984647,3.8160310020086365,0.1594377276312438,6.259541984732825,0.12763811050478688
2020-04-10,35.17,29.98931814880597,26.66,30.07496638452491,698,3.29731,43,25.873542162491095,0.8785390993345281,1.0233389861561124,3.7068111980646266,0.1466101699364058,6.160458452722063,0.1258652004777261
2020-04-11,37.25,31.453604135795203,28.37,31.55570175311132,750,3.54295,52,27.127623664782735,1.2540815022916405,1.0524929518449995,3.6170164886376983,0.14033239357933325,6.933333333333334,0.16721086697221874
2020-04-12,38.599999999999994,32.55993618612365,28.63,32.68000220998224,806,3.80749,56,28.49203144518641,1.364407780403674,1.0918498437551092,3.534991494440001,0.13546524116068354,6.947890818858561,0.16928136233296204
2020-04-13,37.64,31.818256496304862,27.86,31.902379949850868,815,3.8500099999999997,9,27.58451734172573,-0.9075141034606808,0.8398703562773391,3.3846033548129726,0.10305157745734221,1.1042944785276074,-0.11135142373750685
2020-04-14,40.27,34.525618083394306,30.42,34.62949471246157,884,4.17596,69,29.485562873399864,1.9010455316741357,0.9734724906907973,3.3354709132805276,0.11012132247633455,7.8054298642533935,0.21505039951064883
2020-04-15,39.230000000000004,34.72991411367777,30.13,34.81292912616568,903,4.2657099999999994,19,29.010735009557024,-0.47482786384284026,0.7912952210354057,3.212705981124809,0.08762959258420883,2.104097452934662,-0.05258337362600667
2020-04-16,38.7,36.12685525626429,28.36,36.20911585094382,958,4.525530000000001,55,30.17249895815412,1.1617639485970948,0.8378587059404462,3.1495301626465677,0.08745915510860608,5.741127348643007,0.12126972323560488
2020-04-17,43.51,36.90180629834816,32.36,37.00694134997931,1021,4.82314,63,31.621907690888406,1.4494087327342875,0.9146703758427356,3.0971506063553775,0.08958573710506715,6.170421155729676,0.14195971917084108
2020-04-18,43.419999999999995,38.09427781203106,32.02,38.212479663327294,1077,5.087680000000001,56,32.68560401273945,1.0636963218510402,0.933377020902132,3.034875024395492,0.0866645330456947,5.199628597957289,0.09876474668997588
2020-04-19,45.919999999999995,40.5624333838615,33.88,40.66099607757048,1154,5.45142,77,34.59743926085877,1.9118352481193241,1.0561344792192042,2.998044996608212,0.0915194522720281,6.672443674176776,0.16567029879716846
2020-04-20,44.440000000000005,41.368679608192146,33.84,41.49339769801038,1189,5.61676,35,34.61461974996433,0.017180489105562913,0.9258471610130198,2.9112379941096997,0.0778677174947872,2.943650126156434,0.001444952826371986
2020-04-21,46.519999999999996,42.77634936090812,34.66,42.89499346831125,1230,5.81044,41,34.88432472836905,0.2697049784047181,0.8435984565687827,2.8361239616560203,0.06858524037144575,3.3333333333333335,0.021927234016643746
2020-04-22,45.50999999999999,43.66053254393724,34.48,43.775012301771,1283,6.06081,53,35.64193181353276,0.7576070851637056,0.8328230626073991,2.7780149503922646,0.06491216388210437,4.1309431021044425,0.059049655897404955
2020-04-23,43.36999999999999,43.52840114293892,32.34,43.621165803547775,1308,6.17891,25,35.20109609276707,-0.44083572076569055,0.6732727352048333,2.691215297612161,0.05147345070373344,1.9113149847094801,-0.03370303675578674
2020-04-24,48.96999999999999,46.171750371014014,36.52,46.248244640453464,1419,6.70326,111,38.31250058059483,3.1114044878277625,0.9786135367043001,2.699964804834026,0.06896501315745596,7.822410147991543,0.21926740576657947
2020-04-25,51.089999999999996,47.256263258659345,39.37,47.336534697543264,1481,6.99615,62,39.27635615022003,0.9638555696252027,0.976765749665071,2.652015945322082,0.06595312286732417,4.186360567184335,0.06508140240548296
2020-04-26,52.6,48.85385813367717,39.64,48.94905366343107,1548,7.31265,67,40.39501138961431,1.118655239394279,0.9945275147137833,2.609496859794206,0.06424596348280254,4.328165374677003,0.07226455034846764
2020-04-27,53.65,47.33041959661798,40.58,47.38472558949687,1586,7.49216,38,40.299147886321514,-0.09586350329279725,0.8580566714880733,2.5409298793393136,0.05410193388953804,2.3959646910466583,-0.0060443570802520335
2020-04-28,53.32,49.28754742643553,40.92,49.40016124784545,1649,7.78977,63,41.20077548396462,0.9016275976431061,0.8635090489480106,2.4985309571840277,0.052365618492905434,3.820497271073378,0.05467723454476083
2020-04-29,59.919999999999995,51.21856221284931,44.63,51.32089452797481,1758,8.304680000000001,109,43.87367154670694,2.6728960627423177,1.0899008391484188,2.4956582222245127,0.061996634763846356,6.2002275312855515,0.1520418693255016
2020-04-30,61.16,52.5746660580085,46.8,52.673669998502206,1827,8.63063,69,44.85719671882505,0.9835251721181137,1.0765926464729145,2.455237915644502,0.05892680057323013,3.7766830870279144,0.053832795408763755
2020-05-01,62.06,53.89582619097773,47.16,54.010503430426205,1935,9.14081,108,47.31190773575768,2.4547110169326274,1.2489847791035482,2.4450598313053065,0.06454701700793532,5.5813953488372094,0.1268584504874743
2020-05-02,64.76,56.027238956158676,48.89,56.14258103303146,2023,9.556519999999999,88,48.88328104373865,1.57137330798097,1.2893094075462954,2.4163757312772445,0.063732546097197,4.3499752842313395,0.07767539831838705
2020-05-03,64.62,56.823879654507046,48.52,56.94122319541353,2118,10.0053,95,50.653048693642994,1.7697676499043453,1.3494006708870885,2.3915509298226154,0.06371107983414015,4.485363550519358,0.08355843483967636
2020-05-04,76.96000000000001,58.958868216869135,57.87,59.0840184941253,2347,11.08708,229,57.45564534003129,6.802596646388295,2.0313876377671756,2.4480462437167145,0.08655251971739138,9.757136770345122,0.28984220904935215
2020-05-05,83.64,61.11848155737172,63.69,61.23383613557775,2452,11.583089999999999,105,59.25849662702436,1.802851286993068,2.0028082196256225,2.416741298002625,0.0816805962326926,4.282218597063622,0.07352574579906476
2020-05-06,89.69,61.7304548955875,67.92,61.834316213702586,2605,12.30585,153,62.79310358123052,3.5346069542061613,2.1943556304942753,2.4104838226959893,0.08423630059478983,5.873320537428023,0.13568548768545727
2020-05-07,100.07999999999998,63.39229465969995,76.18,63.53590026293971,2770,13.0853,165,66.62602463632473,3.8329210550942108,2.399244229084743,2.4052716475207485,0.0866153151294131,5.956678700361011,0.138372601266939
2020-05-08,102.13999999999999,65.91295070551061,78.52,66.04276395417648,2943,13.90254,173,70.5944094504704,3.968384814145665,2.595443712283906,2.3987227132337883,0.08819040816459077,5.878355419639823,0.13484148196213608
2020-05-09,111.67,67.68151675384507,84.33,67.79962249231932,3123,14.75285,180,74.65539214831152,4.060982697841126,2.7786825923276157,2.390502470326978,0.08897478681804724,5.763688760806916,0.13003466851876805
2020-05-10,115.10000000000001,69.9307902591028,87.31,70.08344545085257,3237,15.291379999999998,114,76.10874495572682,1.4533528074152997,2.6129795700650416,2.3512123866458703,0.08072226042832997,3.5217794253938832,0.04489814048240036
2020-05-11,117.52999999999997,71.53644403555802,89.62,71.67341505225298,3320,15.683470000000002,83,76.36211540950382,0.25337045377699496,2.317971104762358,2.3000637171537295,0.06981840676995053,2.5,0.0076316401740058725
2020-05-12,120.80000000000001,70.74141191406883,90.88,70.87194762101547,3435,16.22672,115,77.7763361512983,1.4142207417944803,2.204983098133871,2.2642310378835018,0.06419164768948679,3.3478893740902476,0.04117090951366755
2020-05-13,134.06,74.22345969905317,101.68,74.4479655175141,3733,17.63445,298,85.80208229210321,8.025746140804912,2.9326867429615473,2.298475282402979,0.07856112357250328,7.982855612108224,0.21499453899825643
2020-05-14,138.42999999999998,76.09648879594056,105.37,76.22288834117155,3950,18.65954,217,90.56347946577783,4.761397173674624,3.1613053080423934,2.292746315589312,0.08003304577322515,5.493670886075949,0.12054170059935757
2020-05-15,155.77999999999997,77.32885591792858,118.1,77.47091039593995,4196,19.82163,246,96.18187442615202,5.618394960374189,3.468476503306952,2.2922277031971405,0.08266149912552317,5.862726406101048,0.13389883127679192
2020-05-16,167.19,82.95725279268288,126.99,83.17629284182537,4474,21.13489,278,102.72840467094883,6.546530244796813,3.85327157274066,2.296119907710077,0.08612587332902683,6.2136790344211,0.14632387672768918
2020-05-17,169.33,81.61430100345667,127.94,81.8297655397034,4611,21.78207,137,103.95777772540279,1.2293730544539585,3.525255651855968,2.254560349715957,0.07645316963469893,2.9711559314682283,0.026661744837431327
2020-05-18,161.48999999999998,83.31882424600921,122.61,83.49014536900371,4695,22.17888,84,103.24444016903293,-0.713337556369865,2.9953910677633857,2.1990296095640667,0.06379959675747361,1.7891373801916932,-0.015193558176141958
2020-05-19,172.15000000000003,85.21769282670748,131.22,85.39488726327279,4977,23.511029999999998,282,109.61139689131109,6.366956722278161,3.4168649162856015,2.2023587882521816,0.06865310259766128,5.666063893911995,0.1279276014120587
2020-05-20,182.89000000000001,88.37052305177583,138.53,88.58260802462549,5286,24.97072,309,116.68948256144253,7.078085670131443,3.8745442497633276,2.207519533890324,0.07329822644274173,5.845629965947786,0.13390249092189638
2020-05-21,190.71000000000004,89.43679489906927,143.96,89.62900580625774,5596,26.435140000000004,310,123.52963444807943,6.840151886636903,4.245264155795732,2.207463088779118,0.07586247597919463,5.539671193709792,0.12223287860323272
2020-05-22,209.39,93.3258061953938,158.93,93.5426704879661,5995,28.31999,399,133.24657555775545,9.716941109676014,4.929254370270829,2.2226284496706494,0.08222275846990541,6.655546288573811,0.16208408856840725
2020-05-23,219.76999999999998,97.80171701721373,166.82,98.02093374129403,6338,29.9403,343,140.62317010335371,7.376594545598266,5.235183866024828,2.2187309893239777,0.08259993477476851,5.411801830230357,0.11638678677182496
2020-05-24,235.06,101.82018734767261,178.55,102.0222429253305,6668,31.4992,330,147.26383844401096,6.640668340657243,5.410875442229332,2.2085158734854673,0.08114690225298937,4.9490101979604075,0.09959010708844095
2020-05-25,244.54,101.26582699594033,185.58,101.45930867678784,6962,32.888040000000004,294,152.39486645133974,5.13102800732878,5.375893464598365,2.188952405218899,0.07721765964662979,4.222924446997989,0.07370048847068054
2020-05-26,280.52,104.57283577401056,212.62,104.82115045074721,7516,35.5051,554,166.40013022044994,14.0052637691102,6.454593036393147,2.213945319590872,0.08587803401268157,7.3709419904204365,0.18633932635857106
2020-05-27,292.01,110.10167446593182,221.84,110.33255693675382,8011,37.84345,495,177.8295756734416,11.429445452991672,7.076463855854266,2.2198174469284937,0.08833433848276452,6.179003869679191,0.14267189430772279
2020-05-28,329.31000000000006,113.42291330959704,251.3,113.66049121676522,8686,41.0321,675,195.07874540568625,17.24916973224464,8.348077617857765,2.2458985195220613,0.09610957423276266,7.771125949804283,0.19858588225011098
2020-05-29,341.45000000000005,115.64494375964614,258.62,115.93148242462752,9232,43.61137,546,207.22425275834746,12.145507352661213,8.822764672820421,2.244630120865982,0.09556720832777751,5.91421143847487,0.13155878848203217
2020-05-30,356.33000000000004,121.98899940055036,270.83,122.25357694050295,9630,45.4915,398,213.81157283658098,6.5873200782335175,8.54332980363718,2.220265553858577,0.08871578196923344,4.132917964693665,0.06840415449879042
2020-05-31,402.68,122.90664774781739,306.45,123.18551684595907,10464,49.431259999999995,834,235.1776144163631,21.36604157978212,10.146190331854488,2.2474924925111153,0.09696282809493967,7.970183486238532,0.20418617717681692
2020-06-01,407.12,123.29681477367262,307.63,123.6405177655502,10670,50.40439,206,234.17461910272402,-1.002995313639076,8.75252572620822,2.1947012099599252,0.08202929452866184,1.9306466729147143,-0.009400143520516175
2020-06-02,404.24,125.28572413777745,308.52,125.63845857350873,10939,51.675129999999996,269,235.36922973707277,1.1946106343487486,7.807776612050766,2.1516521595856366,0.07137559751394795,2.459091324618338,0.010920656681129431
2020-06-03,456.14,132.29427117550702,346.99,132.54917610403538,12010,56.73446,1071,263.97527242215705,28.606042685084276,10.407583294134122,2.197962301599975,0.08665764607938486,8.917568692756037,0.23818520137455684
2020-06-04,512.64,133.7800087585374,388.9,134.1212166043626,13034,61.571769999999994,1024,289.9418240043835,25.96655158222643,12.352469662289971,2.2245037901210947,0.09477113443524605,7.856375632959951,0.19922166320566542
2020-06-05,548.04,140.92583395086749,417.56,141.30639431656118,13995,66.11148,961,312.8251511778861,22.883327173502607,13.668835931350777,2.235263674011333,0.09766942430404271,6.866738120757414,0.16351073364417726
2020-06-06,583.1800000000001,143.60759911380848,443.86,143.99681567045963,14939,70.57087,944,334.3088630276632,21.483711849777137,14.645701317181471,2.237826246921904,0.09803669132593529,6.319030724948123,0.14380957125495106
2020-06-07,609.91,150.6163369041494,464.15,150.98585510710674,15703,74.17996,764,348.9085602885246,14.599697260861376,14.639950779771707,2.2219229464976413,0.09323027943559643,4.865312360695409,0.09297393657811485
2020-06-08,610.43,149.03464978102755,463.87,149.39263681772786,15883,75.03027,180,343.17937129146594,-5.729188997058657,12.09379654175617,2.1606709770916446,0.07614302425081011,1.1332871623748662,-0.03607120189547728
2020-06-09,587.7800000000001,152.35803908802276,446.66,152.6936687448025,16102,76.06481,219,338.97433003098826,-4.205041260477685,10.056433578561341,2.10516910961985,0.0624545620330477,1.3600794932306546,-0.026115024596184856
2020-06-10,646.86,164.50016702579714,491.36,164.8402722380522,17501,82.67359,1399,374.81209258773146,35.8377625567432,13.279111102644984,2.141661005586718,0.07587629908373798,7.993828924061482,0.20477551315206674
