date,n_mean_ICU,n_std_ICU,n_mean_ICU_SUS,n_std_ICU_SUS,confirmed,confirmed_per_100k_inhabitants,growth_rate,growth_rate_EWM,growth_accel,growth_accel_EWM,growth_rate_EWM_NORM_(%),growth_accel_EWM_NORM_(%),growth_rate_NORM_(%),growth_accel_NORM_(%)
2020-03-20,0.0,0.9561074281383942,0.0,0.9561074281383942,1,0.05627000000000001,0,0.0,0.0,0.0,0.0,0.0,0.0,0.0
2020-03-21,0.0,1.6313841182916244,0.0,1.6313841182916244,3,0.1688,2,1.0163934426229508,1.0163934426229508,0.5420765027322404,33.87978142076503,18.069216757741348,66.66666666666667,33.87978142076503
2020-03-22,0.0,1.6527296062923154,0.0,1.6527296062923154,3,0.1688,0,0.6664278036546042,-0.34996563896834665,0.2042617271769885,22.214260121820143,6.808724239232951,0.0,-11.665521298944888
2020-03-24,0.0,2.1895066553768214,0.0,2.1895066553768214,5,0.28134000000000003,2,1.016393442622951,0.34996563896834687,0.24827376424906847,20.327868852459023,4.96547528498137,40.0,6.999312779366937
2020-03-25,0.0,2.1059319777593712,0.0,2.1059319777593712,5,0.28134000000000003,0,0.7995701697630784,-0.21682327285987268,0.1289179930568986,15.991403395261568,2.578359861137972,0.0,-4.336465457197454
2020-03-26,0.0,2.344260129668966,0.0,2.344260129668966,6,0.3376,1,0.8357720790093197,0.03620190924624134,0.10789220922833971,13.929534650155327,1.7982034871389951,16.666666666666668,0.6033651541040222
2020-03-27,0.0,2.3788631526403323,0.0,2.3788631526403323,6,0.3376,0,0.7043169091170907,-0.13145516989222905,0.05862789078195438,11.738615151951512,0.977131513032573,0.0,-2.1909194982038174
2020-03-28,0.0,2.39380513624293,0.0,2.39380513624293,6,0.3376,0,0.6058490135037025,-0.0984678956133882,0.02871131547757605,10.09748355839504,0.47852192462626747,0.0,-1.64113159355647
2020-03-29,0.0,2.473169152436941,0.0,2.473169152436941,6,0.3376,0,0.52937245741218,-0.07647655609152249,0.00991009917582189,8.822874290203,0.16516831959703152,0.0,-1.2746092681920416
2020-03-30,0.0,2.720888149710003,0.0,2.720888149710003,8,0.45014,2,0.699064031340879,0.16969157392869905,0.03701285720376024,8.738300391760987,0.462660715047003,25.0,2.121144674108738
2020-03-31,0.0,3.043622243912074,0.0,3.043622243912074,9,0.50641,1,0.7311231403850004,0.03205910904412135,0.03620847764488897,8.123590448722226,0.40231641827654413,11.11111111111111,0.3562123227124594
2020-04-01,0.0,3.0081371127142607,0.0,3.0081371127142607,9,0.50641,0,0.6586206187561997,-0.07250252162880066,0.019192238933216733,7.318006875068885,0.2132470992579637,0.0,-0.8055835736533408
2020-04-02,0.0,3.0459113180747335,0.0,3.0459113180747335,10,0.56267,1,0.6903508285242224,0.031730209768022655,0.021094791269745502,6.903508285242223,0.21094791269745503,10.0,0.31730209768022655
2020-04-03,0.0,2.9758964356912014,0.0,2.9758964356912014,10,0.56267,0,0.6298561123194986,-0.0604947162047238,0.009036609791274724,6.298561123194985,0.09036609791274723,0.0,-0.604947162047238
2020-04-04,0.0,3.1511101138321,0.0,3.1511101138321,11,0.6189399999999999,1,0.6605896863399755,0.03073357402047694,0.012171769356777211,6.005360784908868,0.11065244869797465,9.090909090909092,0.27939612745888126
2020-04-05,0.19,3.884140116479379,0.0,3.884140116479379,14,0.78774,3,0.8454483597823518,0.18485867344237628,0.036647398617276256,6.038916855588227,0.2617671329805447,21.428571428571427,1.3204190960169733
2020-04-06,0.37,4.3918490848204685,0.0,4.3918490848204685,18,1.01281,4,1.0835834651595304,0.23813510537717864,0.06473506198270496,6.019908139775169,0.3596392332372498,22.22222222222222,1.3229728076509923
2020-04-07,0.62,5.09981362305516,0.0,5.09981362305516,23,1.29415,5,1.366979681453314,0.28339621629378353,0.0947839817879573,5.943389919362235,0.41210426864329264,21.73913043478261,1.232157462146885
2020-04-08,0.61,5.427785139000209,0.0,5.427785139000209,26,1.46295,3,1.4805906849378085,0.1136110034844946,0.0973394892106063,5.6945795574531095,0.37438265081002425,11.538461538461538,0.4369653980172869
2020-04-09,0.8,5.751048916185955,0.0,5.751048916185955,28,1.57549,2,1.5154267192850253,0.034836034347216716,0.08894562868433809,5.4122382831608045,0.31766295958692176,7.142857142857143,0.12441440838291684
2020-04-10,0.91,6.154259837008357,0.0,6.154259837008357,32,1.80056,4,1.676457894365827,0.16103117508080178,0.09853716288879573,5.2389309198932095,0.30792863402748666,12.5,0.5032224221275056
2020-04-11,0.81,5.9559683163914325,0.0,5.9559683163914325,34,1.9130900000000002,2,1.696766309929822,0.020308415563994986,0.08821142999353147,4.990489146852418,0.2594453823339161,5.882352941176471,0.05973063401174996
2020-04-12,1.4100000000000001,6.931560743687841,0.87,6.939714283991405,42,2.3632299999999997,8,2.0806998351762305,0.38393352524640845,0.12697389260329586,4.954047226610073,0.3023187919126092,19.047619047619047,0.9141274410628772
2020-04-14,3.0300000000000002,8.755826054632989,2.7,8.771230808671602,69,3.88246,27,3.5562697202432494,1.475569885067019,0.30267645187958053,5.154014087309057,0.4386615244631602,39.130434782608695,2.138507079807274
2020-04-15,3.01,8.743573397506065,2.8,8.753860620182147,73,4.107530000000001,4,3.581855062112948,0.02558534186969874,0.2667652964456059,4.9066507700177375,0.3654319129391862,5.47945205479452,0.03504841352013526
2020-04-16,3.92,9.815147641901431,2.7,9.828892268832904,92,5.17661,19,4.448837478082399,0.8669824159694506,0.34419752531449965,4.835692910959129,0.37412774490706485,20.652173913043477,0.9423721912711419
2020-04-17,5.18,10.72332546791848,4.54,10.739558142256556,110,6.18942,18,5.192997117476165,0.7441596393937662,0.3955895210323706,4.720906470432877,0.3596268373021551,16.363636363636363,0.6765087630852419
2020-04-18,5.81,11.227242886313755,4.59,11.241569411264729,128,7.20224,18,5.880710022286708,0.6877129048105433,0.43299446141215164,4.594304704911491,0.33827692297824347,14.0625,0.5372757068832369
2020-04-19,7.59,12.733530182517764,6.55,12.74873683582381,160,9.0028,32,7.2538288377752576,1.3731188154885494,0.5530072501716595,4.533643023609536,0.3456295313572872,20.0,0.8581992596803435
2020-04-20,9.69,14.328445713532805,8.26,14.348406063589662,199,11.197230000000001,39,8.889532724357522,1.6357038865822648,0.6908541262801856,4.4671018715364434,0.34716287752773145,19.597989949748744,0.8219617520513893
2020-04-21,10.24,15.103946905402315,9.12,15.135878306897562,223,12.54765,24,9.653374710617065,0.7638419862595427,0.7001253102562018,4.328867583236352,0.3139575382314806,10.762331838565023,0.3425300386814093
2020-04-23,12.409999999999998,16.251110824503755,11.02,16.276308028244706,250,14.066870000000002,27,10.514503488174972,0.8611287775579068,0.7205352549722042,4.205801395269988,0.2882141019888817,10.8,0.3444515110231628
2020-04-24,13.990000000000002,17.479320913466854,12.01,17.506471934572076,290,16.31757,40,11.953224174426401,1.438720686251429,0.8114169504031207,4.121801439457379,0.27979894841486924,13.793103448275861,0.49611058146601
2020-04-25,16.06,18.90214091877244,14.78,18.921483327507158,328,18.45574,38,13.203480904992196,1.2502567305657948,0.866863688646483,4.02545149542445,0.26428770995319606,11.585365853658537,0.3811758324895716
2020-04-26,18.049999999999997,19.64003587295372,16.48,19.67741367890885,364,20.481370000000002,36,14.280764868675176,1.07728396368298,0.8934141673735602,3.9232870518338396,0.24544345257515388,9.89010989010989,0.2959571328799396
2020-04-27,18.819999999999997,19.980679556900853,16.53,20.006415359967804,393,22.113129999999998,29,14.966066116592565,0.6853012479173888,0.8671857326480595,3.808159317199126,0.220657947238692,7.379134860050891,0.17437690786702004
2020-04-28,19.91,21.114986611313764,17.29,21.15770686052625,413,23.23848,20,15.19713278300706,0.23106666641449536,0.7870982344099653,3.6796931677983196,0.1905806862978124,4.842615012106537,0.055948345378812436
2020-04-29,19.549999999999997,22.289616756497075,17.47,22.32254723707658,433,24.36383,20,15.414625654729846,0.21749287172278642,0.7154493188859242,3.5599597355034285,0.16523078958104484,4.618937644341801,0.050229300628819036
2020-04-30,23.13,23.44200539995922,21.07,23.480475233089244,502,28.24628,69,17.80998220326275,2.3953565485329023,0.9265935508009111,3.5478052197734558,0.18458038860575918,13.745019920318725,0.47716265907029926
2020-05-01,25.660000000000004,25.74736510987115,22.9,25.778611485124838,585,32.91648,83,20.688269556334493,2.8782873530717445,1.171729440789038,3.536456334416153,0.20029563090410907,14.188034188034187,0.49201493214901615
2020-05-02,28.15,26.93927186630828,25.58,26.976433579827948,654,36.79894,69,22.79626920304921,2.107999646714717,1.2892557836244234,3.4856680738607353,0.1971339118691779,10.55045871559633,0.3223241050022503
2020-05-03,31.38,28.259383638649368,28.27,28.294696740491204,705,39.66858,51,24.013049562225948,1.216780359176738,1.2801630102712345,3.406106320883113,0.18158340571223186,7.23404255319149,0.1725929587484735
2020-05-04,31.790000000000003,29.206349852680525,28.47,29.249956781458184,756,42.53823,51,25.164798759074287,1.151749196848339,1.2640596105724005,3.328677084533636,0.16720365219211647,6.746031746031746,0.15234777736089142
2020-05-05,34.82,32.051654490143804,31.01,32.086733326338404,861,48.44631,105,28.53686907963193,3.3720703205576434,1.5283028713267028,3.3143866526866352,0.1775032370878865,12.195121951219512,0.3916457979741746
2020-05-06,39.370000000000005,33.23249141816764,35.64,33.278054117670195,943,53.06025,82,30.772725384902245,2.235856305270314,1.616964871651797,3.2632794681762722,0.17147029391853624,8.695652173913043,0.23710035050586575
2020-05-07,45.25,36.63628133559696,41.34,36.69198155048335,1098,61.78171,155,35.91876663974885,5.146041254846608,2.0590497531898513,3.2712902221993487,0.18752729992621595,14.116575591985429,0.4686740669259206
2020-05-08,50.08000000000001,39.18338768798674,45.86,39.23006845147062,1222,68.75888,124,39.534337982388536,3.615571342639683,2.2539816099947774,3.235215874172548,0.18445021358386068,10.147299509001636,0.295873268628452
2020-05-09,50.13,39.53087739573671,46.12,39.588582541899214,1263,71.06585,41,39.59397646401339,0.059638481624851636,1.9792365336240485,3.134915001109532,0.15670914755534826,3.246239113222486,0.004721970041555949
2020-05-10,49.21,40.552228338678546,45.13,40.59157946215352,1302,73.26028000000001,39,39.57000938064059,-0.023967083372795628,1.7284749581350334,3.0391712273917504,0.1327553731286508,2.9953917050691246,-0.0018407898135787732
2020-05-11,54.27,41.972334912175164,49.4,42.03447273345769,1398,78.66196,96,41.82869450214333,2.2586851215027366,1.7948348481989802,2.9920382333435853,0.12838589758218744,6.866952789699571,0.1615654593349597
2020-05-12,54.599999999999994,42.17819337002945,49.63,42.22597655424438,1460,82.15054,62,42.62985410735475,0.8011596052114243,1.670488340665832,2.9198530210516953,0.11441700963464603,4.2465753424657535,0.05487394556242632
2020-05-13,63.33,45.211671338853705,57.67,45.25081574129383,1612,90.7032,152,46.94162956533013,4.311775457975379,2.0009680635566482,2.912011759635864,0.12412953247870026,9.429280397022332,0.2674798671200608
2020-05-14,64.21,46.92558741822477,58.65,46.96954603299307,1686,94.867,74,48.000781064064384,1.059151498734252,1.8831415280382633,2.847021415424934,0.111692854569292,4.389086595492289,0.0628203735904064
2020-05-15,66.01000000000002,48.62800397617685,60.44,48.67780983884825,1794,100.94389,108,50.33328352002207,2.3325024559576875,1.9393531643863577,2.8056456811606503,0.10810218307616264,6.0200668896321075,0.13001685930644857
2020-05-16,67.9,50.51787610401497,61.47,50.5644628772086,1918,107.92106000000001,124,53.17829063442468,2.8450071144026055,2.0526331224521033,2.7725907525768863,0.10701945372534429,6.465067778936392,0.14833196634007328
2020-05-17,66.04,51.40494322415684,60.8,51.46424183720953,1963,110.45308999999999,45,52.8644418931461,-0.3138487412785764,1.7566555070682537,2.6930433975112638,0.08948830907123045,2.2924095771777893,-0.015988219117604504
2020-05-18,70.28000000000002,52.708929226479455,64.3,52.77121583024235,2043,114.95448999999999,80,53.899459622484656,1.0350177293385556,1.6664061264424768,2.6382505933668456,0.0815666239080997,3.9158100832109644,0.05066166076057541
2020-05-19,84.59000000000002,55.937359292752326,76.5,56.00105503154798,2413,135.77347,370,65.88578839094798,11.986328768463324,2.9569552376703787,2.7304512387462903,0.1225426953033725,15.333609614587651,0.49673969202085877
2020-05-20,85.41000000000001,57.53055103177965,78.06,57.57691118860235,2499,140.61247,86,66.64421267126761,0.7584242803196304,2.682034712481125,2.6668352409470835,0.10732431822653563,3.441376550620248,0.030349110857128065
2020-05-22,89.22,62.073120974176476,81.22,62.131344323736855,2774,156.08603,275,74.45788583996362,7.813673168696013,3.323702232118633,2.68413431290424,0.11981623042965513,9.913482335976928,0.28167531249805383
2020-05-23,102.34,65.29864723953423,93.55,65.34937514095395,3109,174.93563999999998,335,84.1776633113165,9.71977747135287,4.123443611819164,2.707547871061965,0.13262925737597828,10.775168864586684,0.31263356292547023
2020-05-24,103.63000000000001,66.282824572685,94.57,66.34514249990977,3201,180.11225,92,84.46801752255811,0.2903542112416204,3.644185798965969,2.638800922291725,0.1138452295834417,2.874101843174008,0.009070734496770398
2020-05-25,106.22,67.3212694263241,96.99,67.39201152341218,3268,183.88218,67,83.82276538528716,-0.6452521372709583,3.107886956267566,2.5649561011409774,0.09510058005714707,2.050183598531212,-0.019744557444031773
2020-05-26,111.22999999999999,70.17515121091473,101.96,70.22286128800754,3493,196.54236,225,89.01342220577952,5.190656820492364,3.3682837893626245,2.548337309068981,0.09642953877362222,6.44145433724592,0.14860168395340292
2020-05-27,129.55,72.1296302121774,118.2,72.202656146055,3862,217.30507000000003,369,99.26146838991335,10.248046184133827,4.228400333615067,2.5702089173980673,0.10948732091183498,9.554634904194717,0.2653559343380069
2020-05-28,142.02,76.59898620000585,129.98,76.67805609735218,4252,239.24938999999998,390,109.85703113405164,10.595562744138292,5.024414062293041,2.5836554829268965,0.11816589986578177,9.172154280338663,0.24919009275960236
2020-05-29,151.22,76.88996167290374,138.2,76.96080954655172,4502,253.31627000000003,250,114.94305953698974,5.086028402938098,5.032116857612682,2.5531554761659203,0.11177514121751847,5.553087516659263,0.11297264333491999
2020-05-30,158.67,79.60507122442932,144.65,79.68434516670426,4743,266.87673,241,119.49950274984225,4.556443212852514,4.9726508784701755,2.5194919407514704,0.10484189075416772,5.081172253847775,0.096066692238088
2020-05-31,164.38000000000002,81.87556595841095,150.12,81.9611731310021,4942,278.07396,199,122.36199188882063,2.8624891389783755,4.708854368968336,2.475960985204788,0.09528236278770409,4.026709834075273,0.05792167420029089
2020-06-02,190.92,86.95460760556846,173.7,87.04914579614427,5477,308.17707,535,137.16393044886846,14.80193856004783,5.970599929031161,2.5043624328805634,0.10901223167849483,9.768121234252328,0.27025631842336734
2020-06-03,197.12,88.0245704334875,180.82,88.0987661661615,5714,321.51247,237,140.7323045870637,3.568374138195253,5.6702987897079735,2.4629384771974747,0.0992351905794185,4.1477073853692685,0.062449669901912024
2020-06-04,217.74000000000004,93.7581454616293,198.06,93.85865032272751,6459,363.43175,745,162.2552506090113,21.522946021947604,7.652012012254922,2.512080052779243,0.1184705374246001,11.534293234246787,0.33322412172081756
2020-06-05,232.71,95.97313209351034,212.72,96.03063929724921,6862,386.10756000000003,403,170.80143596893814,8.546185359926824,7.763790211192022,2.4890911683028,0.11314179847263221,5.872923345963276,0.12454365141251565
2020-06-06,264.0,101.8204652783268,241.65,101.93554164026868,7701,433.31597999999997,839,194.44515556043868,23.643719591500542,9.748882862853598,2.5249338470385494,0.1265924277737125,10.894689001428386,0.3070214204843597
2020-06-07,269.92999999999995,105.438288298862,246.22,105.53617502730492,8110,456.32939000000005,409,202.01336270329364,7.568207142854959,9.476286204462653,2.4909169260578747,0.11684693223751731,5.0431565967940815,0.09331944689093662
2020-06-08,293.53,107.32270569914766,268.85,107.42816510853129,8626,485.36342,516,213.05562397856247,11.042261275268828,9.672040749991238,2.4699237651120156,0.11212660271262738,5.981915140273592,0.12801137578563446
2020-06-09,318.68,110.64993625818045,290.24,110.73269975007109,9220,518.78631,594,226.41378008867161,13.35815611010915,10.132820950256436,2.455680912024638,0.10990044414594832,6.442516268980477,0.14488238731137906
2020-06-10,342.68999999999994,118.56974419890572,312.81,118.67121866482174,9850,554.23483,630,240.5262672614183,14.112487172746683,10.630294135327231,2.441891038186988,0.10792176787134244,6.395939086294416,0.1432739814492049
