date,n_mean_ICU,n_std_ICU,n_mean_ICU_SUS,n_std_ICU_SUS,confirmed,confirmed_per_100k_inhabitants,growth_rate,growth_rate_EWM,growth_accel,growth_accel_EWM,growth_rate_EWM_NORM_(%),growth_accel_EWM_NORM_(%),growth_rate_NORM_(%),growth_accel_NORM_(%)
2020-03-19,0.0,1.6280992201665938,0.0,1.6280992201665938,3,0.09165,0,0.0,0.0,0.0,0.0,0.0,0.0,0.0
2020-03-20,0.0,2.001968727997215,0.0,2.001968727997215,4,0.1222,1,0.5081967213114754,0.5081967213114754,0.2710382513661202,12.704918032786885,6.775956284153005,25.0,12.704918032786885
2020-03-21,0.0,1.8878666277151053,0.0,1.8878666277151053,4,0.1222,0,0.3332139018273021,-0.17498281948417332,0.10213086358849426,8.330347545682553,2.5532715897123563,0.0,-4.374570487104333
2020-03-22,0.0,2.316737517992215,0.0,2.316737517992215,6,0.18331,2,0.7706239374212701,0.437410035593968,0.203406932064484,12.843732290354502,3.3901155344080665,33.333333333333336,7.290167259899467
2020-03-23,0.0,2.380773153427435,0.0,2.380773153427435,6,0.18331,0,0.6062297203308454,-0.16439421709042468,0.10901976917127516,10.103828672180757,1.8169961528545862,0.0,-2.7399036181737446
2020-03-24,0.0,2.6945136927475506,0.0,2.6945136927475506,8,0.24441,2,0.8579744088088401,0.2517446884779947,0.14138635732894556,10.724680110110501,1.7673294666118196,25.0,3.146808605974934
2020-03-25,0.0,2.6797029836920516,0.0,2.6797029836920516,8,0.24441,0,0.7230271253259551,-0.13494728348288498,0.08450924203141194,9.03783906657444,1.0563655253926492,0.0,-1.6868410435360623
2020-03-26,0.0,2.892239703940617,0.0,2.892239703940617,9,0.27496,1,0.7617496602503722,0.03872253492441702,0.07578983903190196,8.463885113893024,0.8421093225766885,11.11111111111111,0.430250388049078
2020-03-27,0.0,3.131366242625501,0.0,3.131366242625501,10,0.30551,1,0.7918240930967918,0.03007443284641964,0.0676186950854139,7.918240930967919,0.676186950854139,10.0,0.3007443284641964
2020-03-28,0.0,3.127396051127209,0.0,3.127396051127209,11,0.33605999999999997,1,0.815844925206517,0.024020832109725165,0.06022345522677048,7.416772047331972,0.5474859566070044,9.090909090909092,0.2183712009975015
2020-03-30,0.43000000000000005,4.158154578048956,0.0,4.158154578048956,18,0.54992,7,1.4746511914429514,0.6588062662364345,0.15742011560422814,8.192506619127506,0.8745561978012675,38.888888888888886,3.660034812424636
2020-03-31,0.24,4.116748005576021,0.0,4.116748005576021,18,0.54992,0,1.3284160034194554,-0.146235188023496,0.10988977215125237,7.380088907885863,0.6104987341736243,0.0,-0.8124177112416445
2020-04-01,0.49,4.178227960378525,0.0,4.178227960378525,19,0.5804699999999999,1,1.2978907015054746,-0.03052530191398084,0.08858273365463545,6.831003692134076,0.4662249139717656,5.2631578947368425,-0.1606594837577939
2020-04-02,0.38,4.198616174143307,0.0,4.198616174143307,19,0.5804699999999999,0,1.1841579059351877,-0.11373279557028693,0.05868235255391181,6.23241003123783,0.3088544871258517,0.0,-0.5985936608962469
2020-04-03,0.31000000000000005,4.493347383306871,0.0,4.493347383306871,22,0.6721199999999999,3,1.3349298604773905,0.15077195454220282,0.07198908032960319,6.067863002169957,0.32722309240728725,13.636363636363637,0.685327066100922
2020-04-04,0.6300000000000001,5.226797984590296,0.0,5.226797984590296,24,0.73322,2,1.3874832680692115,0.05255340759182103,0.06923438203399564,5.7811802836217145,0.28847659180831514,8.333333333333334,0.21897253163258765
2020-04-05,0.7200000000000001,5.27555904453009,0.0,5.27555904453009,24,0.73322,0,1.2827430349285243,-0.10474023314068726,0.044982081465706286,5.344762645535518,0.18742533944044285,0.0,-0.4364176380861969
2020-04-06,0.73,5.470359894352233,0.0,5.470359894352233,26,0.79432,2,1.3346445393275959,0.051901504399071596,0.04593296451339897,5.133248228183062,0.17666524812845757,7.6923076923076925,0.19962117076566
2020-04-07,0.9400000000000001,5.946809856952505,0.0,5.946809856952505,31,0.9470799999999999,5,1.589647313809277,0.2550027744816812,0.07431129539533689,5.127894560675087,0.23971385611398996,16.129032258064516,0.8225895951021974
2020-04-08,1.38,6.693621115387667,0.94,6.697832756673134,38,1.16093,7,1.952511872724879,0.3628645589156019,0.11306236689502311,5.138189138749682,0.29753254446058713,18.42105263157895,0.954906733988426
2020-04-09,1.65,6.769116215831603,0.88,6.776911858909954,40,1.22204,2,1.9555896925649516,0.0030778198400727153,0.09842808030395844,4.888974231412379,0.2460702007598961,5.0,0.007694549600181788
2020-04-10,1.33,6.848653705346591,0.88,6.856358915325071,41,1.2525899999999999,1,1.895608279798781,-0.05998141276617064,0.07751896224375136,4.623434828777515,0.18907063961890577,2.4390243902439024,-0.14629612869797717
2020-04-11,1.61,7.317739411936593,0.93,7.322186155856058,44,1.3442399999999999,3,1.9628774034325387,0.0672691236337577,0.07617544076783238,4.461085007801224,0.1731260017450736,6.818181818181818,0.15288437189490386
2020-04-12,2.01,7.641342034015234,1.84,7.652745133663349,51,1.5581,7,2.2611452665636818,0.29826786313114306,0.10511087230045495,4.43361816973271,0.2060997496087352,13.72549019607843,0.5848389473159668
2020-04-13,1.96,8.550480286587014,0.86,8.557517930528288,58,1.77195,7,2.5343860706221193,0.27324080405843754,0.12690060100105863,4.369631156245033,0.21879413965699762,12.068965517241379,0.471104834583513
2020-04-14,3.1500000000000004,9.338904127521083,2.7,9.353348614428434,75,2.2913200000000002,17,3.3478064245944883,0.813420353972369,0.21546647642504188,4.463741899459317,0.28728863523338916,22.666666666666668,1.0845604719631587
2020-04-15,3.73,10.243397528617784,2.62,10.25586626908195,91,2.7801299999999998,16,4.042599346853792,0.6947929222593037,0.2770561665097749,4.442416864674497,0.30445732583491747,17.582417582417584,0.7635087057794545
2020-04-16,5.0,10.823975818766991,4.62,10.842234664738287,102,3.11619,11,4.416199185707193,0.3735998388534014,0.289418101598137,4.329607044810974,0.2837432368609186,10.784313725490197,0.3662743518170602
2020-04-17,5.82,11.699222887081696,4.56,11.720845368897937,123,3.7577599999999998,21,5.288027208208952,0.8718280225017585,0.36376639233837244,4.299209112365001,0.295745034421441,17.073170731707318,0.7088032703266329
2020-04-18,6.669999999999999,12.594928151899683,5.23,12.621779397197336,144,4.39933,21,6.097577904262288,0.8095506960533365,0.4205228018613976,4.234429100182145,0.29202972351485945,14.583333333333334,0.5621879833703726
2020-04-19,7.250000000000001,13.233273299611938,6.28,13.255984392802453,158,4.82704,14,6.497049454662304,0.3994715504000155,0.41784879518029955,4.112056616874876,0.2644612627723415,8.860759493670885,0.2528300951898832
2020-04-20,9.219999999999999,14.35381524617104,8.11,14.373931686258016,186,5.6824699999999995,28,7.564508352752878,1.0674588980905737,0.5001979924339842,4.066939974598322,0.2689236518462281,15.053763440860216,0.5739026333820288
2020-04-21,10.47,15.169398588452793,8.91,15.20238644211341,206,6.293480000000001,20,8.171287996752636,0.6067796439997579,0.5136852072593693,3.966644658617784,0.2493617510967812,9.70873786407767,0.2945532252426009
2020-04-22,10.95,15.91075339942687,8.97,15.941178555469909,217,6.6295399999999995,11,8.307067420838587,0.13577942408595156,0.46593738678488544,3.8281416685892107,0.21471768976262,5.0691244239631335,0.06257116317324957
2020-04-23,12.61,17.278796283598606,10.89,17.307648627416174,256,7.82103,39,9.757508338073812,1.450440917235225,0.5901603973166428,3.811526694560083,0.23053140520181362,15.234375,0.5665784832950098
2020-04-24,14.760000000000002,18.690386606893707,12.59,18.72838624962524,297,9.07361,41,11.212102841996215,1.4545945039224026,0.6991048761065838,3.7751188020189277,0.23538884717393393,13.804713804713804,0.48976245923313216
2020-04-25,17.73,18.988722091459096,15.2,19.021870745714438,331,10.11234,34,12.258108521222987,1.0460056792267718,0.742779746006617,3.703356048707851,0.224404757101697,10.27190332326284,0.31601380037062593
2020-04-26,17.340000000000003,19.810917304467363,15.32,19.848174839124237,364,11.120519999999999,33,13.197383612302032,0.939275091079045,0.7674962941682142,3.6256548385445138,0.2108506302659929,9.065934065934066,0.25804260743929813
2020-04-27,19.57,21.39620005439463,17.09,21.43546772915573,408,12.46476,44,14.574312481004277,1.3769288687022456,0.8440946744734183,3.572135412010852,0.20688594962583784,10.784313725490197,0.33748256585839354
2020-04-28,22.240000000000002,22.61073951497698,19.74,22.6618168162692,454,13.8701,46,15.961827962738617,1.38751548173434,0.9123492044980451,3.515821137167096,0.2009579745590408,10.13215859030837,0.3056201501617489
2020-04-29,24.51,24.016089535260658,21.55,24.058263789510175,513,15.67261,59,17.839724916886937,1.8778969541483193,1.0335506430690176,3.477529223564705,0.20147186024737185,11.500974658869396,0.3660617844343702
2020-04-30,29.57,26.145783734107248,26.34,26.193251174123215,600,18.33053,87,20.823474299627833,2.9837493827408963,1.2782227545971232,3.4705790499379723,0.2130371257661872,14.5,0.4972915637901494
2020-05-01,31.679999999999996,28.293416195291798,27.88,28.340836261479655,665,20.31634,65,22.70884026983155,1.8853659702037184,1.3543599676798797,3.4148631984709104,0.2036631530345684,9.774436090225564,0.2835136797298825
2020-05-02,35.62,29.577944007607627,31.77,29.641387816989475,742,22.66876,77,25.001984215724267,2.293143945892716,1.4720383733785833,3.3695396517148613,0.1983879209405099,10.377358490566039,0.30904904931168675
2020-05-03,37.82,30.546261389055207,33.43,30.593450031803947,784,23.9519,42,25.71285019222244,0.7108659764981731,1.376657496031245,3.2797002796202093,0.1755940683713323,5.357142857142857,0.09067168067578738
2020-05-04,42.040000000000006,32.961074900340535,37.81,33.01645587560631,875,26.732029999999998,91,28.41733169488065,2.7044815026582114,1.5429930623194579,3.247695050843503,0.1763420642650809,10.4,0.3090836003037956
2020-05-05,42.94,33.11793721922556,38.14,33.15657047489329,949,28.9928,74,30.288415726719524,1.8710840318388726,1.5840817194398216,3.1916138805816145,0.1669211506259032,7.79768177028451,0.19716375467216785
2020-05-06,48.769999999999996,35.34420948959595,43.54,35.40143421451233,1051,32.108990000000006,102,33.20639405295115,2.917978326231623,1.7510936695608181,3.159504667264619,0.16661214743680475,9.705042816365367,0.2776382803265102
2020-05-07,53.160000000000004,36.48551410346221,47.78,36.53907961886752,1131,34.553059999999995,80,35.094526534613834,1.8881324816626872,1.7682482254602956,3.1029643266678897,0.15634378651284667,7.073386383731211,0.1669436323309184
2020-05-08,56.72,39.04601566605663,50.51,39.10321264799019,1233,37.66925,102,37.77250673281575,2.677980198201915,1.8821081962223514,3.0634636441861924,0.1526446225646676,8.27250608272506,0.2171922301866922
2020-05-09,53.73,39.262996162758235,47.82,39.31654190893151,1278,39.04404,45,38.05956676733958,0.287060034523833,1.6825070995319886,2.978056867553958,0.13165157273333244,3.5211267605633805,0.022461661543335915
2020-05-10,58.64,41.516076379877205,51.92,41.57352761048547,1332,40.69379,54,38.6879975721183,0.6284308047787164,1.5506203237578067,2.9045043222311033,0.11641293721905455,4.054054054054054,0.04717948984825198
2020-05-11,62.67000000000001,42.59861885416978,55.44,42.65804412162879,1443,44.08494,111,41.51852152894284,2.8305239568245426,1.710743448062895,2.877236419192158,0.11855463950539813,7.6923076923076925,0.1961555063634472
2020-05-12,68.22,44.854243225736575,61.15,44.93139921428594,1612,49.24804,169,46.474433737406,4.955912208463161,2.1166893924342,2.8830293881765505,0.13130827496490072,10.483870967741936,0.3074387226093772
2020-05-13,75.7,47.58160866162769,68.04,47.64606891264255,1784,54.502790000000005,172,51.3222285913216,4.847794853915595,2.4582983614495615,2.876806535387982,0.13779699335479606,9.641255605381167,0.2717373797037889
2020-05-14,76.16000000000001,48.24552640589403,68.37,48.29745250198833,1905,58.19945,121,53.99617132938723,2.6739427380656338,2.485269161158604,2.834444689206679,0.13046032342039915,6.351706036745407,0.14036444819242172
2020-05-15,82.32,53.26277575200228,73.33,53.33427022851332,2085,63.698609999999995,180,58.80227099113257,4.806099661745343,2.7755165978633647,2.8202528053300995,0.13311830205579686,8.633093525179856,0.23050837706212676
2020-05-16,90.08,53.53529671104284,81.51,53.612292377209485,2252,68.80060999999999,167,62.90505914313168,4.102788151999107,2.941497408375772,2.7932974752722775,0.13061711404865772,7.415630550621669,0.1821841985790012
2020-05-17,87.65,54.42818778218255,78.49,54.49493118862089,2287,69.86989,35,61.85287401108394,-1.0521851320477396,2.4420978899012082,2.704541933147527,0.10678171796682152,1.5303891560996938,-0.04600722046557672
2020-05-18,92.10000000000001,58.15895265337379,82.69,58.2410308437048,2440,74.54417,153,65.27103609755235,3.4181620864684135,2.564146373511689,2.6750424630144405,0.10508796612752823,6.270491803278689,0.1400886101011645
2020-05-19,103.08999999999999,58.34629785802501,92.75,58.42703119051467,2637,80.5627,197,70.18531346799391,4.914277370441553,2.857997983391546,2.661559100037691,0.1083806592109043,7.4706105422828974,0.18635864127575097
2020-05-20,107.35000000000001,61.16685519746356,96.65,61.24289080985217,2852,87.13114,215,75.56063234745761,5.3753188794637055,3.172742979091205,2.649391036025863,0.11124624751371687,7.538569424964937,0.18847541653098546
2020-05-21,113.22000000000003,63.96529519902953,102.06,64.05134963370398,3074,93.91344000000001,222,80.96996485106803,5.409332503610415,3.4523787708712614,2.6340261825331175,0.11230900360674241,7.221860767729343,0.17597047832174414
2020-05-22,118.89,68.08137876353148,106.5,68.16541743687509,3258,99.5348,184,84.75806536260501,3.7881005115369817,3.4943521446808794,2.601536690073819,0.10725451641132228,5.647636586863106,0.11627073393299514
2020-05-23,130.76,66.97266757431872,116.93,67.07237361254037,3390,103.56752,132,86.48721085167084,1.7291454890658287,3.273663789270093,2.5512451578663966,0.0965682533707992,3.893805309734513,0.051007241565363674
2020-05-24,132.72,68.22233160258399,118.94,68.3273219824466,3550,108.45566000000001,160,89.1662825440406,2.67907169236976,3.1993287179180814,2.511726268846214,0.09012193571600229,4.507042253521127,0.07546680823576789
2020-05-25,132.19,69.83796253550867,118.94,69.93194842924879,3720,113.64931000000001,170,92.09987661745669,2.9335940734160886,3.1661075626722917,2.475803134877868,0.0851104183514057,4.56989247311828,0.07886005573699163
2020-05-26,140.63,74.45405459378654,126.31,74.54435019137632,3966,121.16483000000001,246,97.66273709993303,5.562860482476339,3.465735807181546,2.462499674733561,0.08738617768990284,6.202723146747353,0.14026375397065907
2020-05-27,145.39999999999998,77.12909021618081,130.92,77.19371838158698,4243,129.62743,277,104.11994158319845,6.4572044832654285,3.839706664612156,2.4539227335187004,0.09049508990365676,6.52839971718124,0.15218488058603413
2020-05-28,156.23999999999998,78.17611742312057,140.88,78.25069287459081,4503,137.57066,260,109.71159092733858,5.591649344140123,4.0587185994707475,2.436411079887599,0.09013365754987225,5.773928492116367,0.1241760902540556
2020-05-29,158.99,80.65041493565258,142.16,80.73266890976002,4745,144.96398,242,114.43988742218521,4.7282964948466315,4.142422223673797,2.4117995241767165,0.08730078448206105,5.100105374077977,0.09964797670909656
2020-05-30,158.64000000000001,84.0976541187852,142.81,84.18295152988418,4931,150.64643999999998,186,116.98873200220913,2.5488445800239248,3.9432117169797674,2.3725153519004083,0.07996778983937877,3.77205435003042,0.051690216589412384
2020-05-31,168.59000000000003,84.48658465619667,151.71,84.56671264078253,5119,156.39001000000002,188,119.50955731818289,2.5208253159737524,3.765403028640942,2.3346270232112305,0.07355739458177266,3.672592303184216,0.049244487516580435
2020-06-01,181.59,88.02566968925841,163.06,88.12749244272428,5506,168.2132,387,128.97451184011635,9.464954521933464,4.477883387724373,2.3424357399222004,0.08132734085950549,7.028695968034871,0.1719025521600702
2020-06-02,191.33,88.94320259513252,171.94,89.03555294307318,5828,178.05059,322,135.78329251370405,6.808780673587705,4.769258581822128,2.3298437287869604,0.08183353778006397,5.525051475634866,0.11682876927913015
2020-06-03,190.58999999999997,92.3507256948403,171.57,92.41786427073306,6064,185.2606,236,139.30770704847023,3.52441453476618,4.613646985425547,2.2972906835169895,0.07608256902086984,3.891820580474934,0.05812029245986444
2020-06-04,215.29999999999998,99.85853297580938,193.46,99.96176773187241,6717,205.21033,653,157.32078789106623,18.013080842595997,6.288633580514032,2.342128746331193,0.09362265267997666,9.721601905612625,0.2681715176804525
2020-06-05,226.03000000000003,102.68143778530064,203.96,102.76738814262318,7105,217.06408,388,165.387112411814,8.06632452074777,6.510851607018828,2.3277566841916117,0.0916376017877386,5.460942997888811,0.11353025363473286
2020-06-06,237.90999999999997,102.91144743482774,213.5,103.00862106217767,7478,228.45956,373,172.62724210549197,7.2401296936779715,6.602013758142094,2.308468067738593,0.0882858218526624,4.987964696442899,0.0968190651735487
2020-06-07,239.29999999999998,102.903221062562,215.73,102.98577574136394,7621,232.82834,143,171.59673972642994,-1.0305023790620282,5.647927351687722,2.251630228663298,0.07411005578910539,1.8763941739929144,-0.013521878743761031
2020-06-08,249.72999999999996,106.69395906995018,224.73,106.78482102817894,7927,242.17691000000002,306,176.25981809068736,4.663078364257416,5.524818756872439,2.223537505874699,0.06969621239904679,3.860224549009714,0.05882526005118476
2020-06-09,260.83,111.5600258636895,234.77,111.66430258013109,8359,255.37489,432,185.11107522910524,8.851257138417878,5.9406308585102545,2.214512205157378,0.07106867877150681,5.168082306495992,0.1058889477020921
2020-06-10,274.18,112.56817670221281,247.58,112.64545266481291,8823,269.55051000000003,464,194.74086643843128,9.629791209326044,6.401782990181274,2.20719558470397,0.07255789402902951,5.258982205599002,0.10914418235663656
