date,n_mean_ICU,n_std_ICU,n_mean_ICU_SUS,n_std_ICU_SUS,confirmed,confirmed_per_100k_inhabitants,growth_rate,growth_rate_EWM,growth_accel,growth_accel_EWM,growth_rate_EWM_NORM_(%),growth_accel_EWM_NORM_(%),growth_rate_NORM_(%),growth_accel_NORM_(%)
2020-03-20,0.0,0.9612702034497916,0.0,0.9612702034497916,1,0.0287,0,0.0,0.0,0.0,0.0,0.0,0.0,0.0
2020-03-22,0.0,1.3524388744379208,0.0,1.3524388744379208,2,0.0574,1,0.5081967213114754,0.5081967213114754,0.2710382513661202,25.40983606557377,13.55191256830601,50.0,25.40983606557377
2020-03-23,0.0,2.3482209040338207,0.0,2.3482209040338207,6,0.17219,4,1.7104980293801506,1.2023013080686753,0.6237059178096914,28.50830048966918,10.395098630161524,66.66666666666667,20.03835513447792
2020-03-24,0.0,2.6009710696296695,0.0,2.6009710696296695,7,0.20089,1,1.5240440094784224,-0.18645401990172816,0.37898503986972276,21.77205727826318,5.414071998138896,14.285714285714286,-2.6636288557389736
2020-03-25,0.0,2.978169731478539,0.0,2.978169731478539,9,0.25829,2,1.6255778557966676,0.10153384631824514,0.3077839817413566,18.061976175518527,3.4198220193484072,22.22222222222222,1.1281538479805016
2020-03-26,0.07,3.255334239383263,0.0,3.255334239383263,11,0.31569,2,1.693206494049813,0.06762863825314547,0.2533225104418535,15.392786309543755,2.302931913107759,18.181818181818183,0.6148058023013224
2020-03-27,0.04,3.2255319818064994,0.0,3.2255319818064994,11,0.31569,0,1.426888974084586,-0.266317519965227,0.14636620271237472,12.97171794622351,1.3306018428397701,0.0,-2.4210683633202454
2020-03-30,0.43000000000000005,4.239614643246757,0.0,4.239614643246757,18,0.51658,7,2.2060446462515175,0.7791556721669315,0.26687162331680736,12.25580359028621,1.4826201295378185,38.888888888888886,4.328642623149619
2020-03-31,0.64,4.94312521272594,0.0,4.94312521272594,25,0.7174699999999999,7,2.8111874909859833,0.6051428447344658,0.3273340160590553,11.244749963943935,1.3093360642362213,28.0,2.420571378937863
2020-04-01,0.79,5.219001510603037,0.0,5.219001510603037,28,0.80357,3,2.8329740351000936,0.021786544114110296,0.27550586006675365,10.117764411071763,0.9839495002384059,10.714285714285714,0.07780908612182248
2020-04-02,1.66,6.401263921912594,0.83,6.412275711319642,41,1.17665,13,3.9160808352458303,1.0831068001457367,0.40664245946386723,9.551416671331294,0.9918108767411395,31.70731707317073,2.6417239027944794
2020-04-03,1.53,6.677974122729018,0.85,6.68751361746938,44,1.26275,3,3.8252368078824426,-0.0908440273633877,0.3287722451135099,8.693720017914641,0.7472096479852497,6.818181818181818,-0.20646369855315386
2020-04-04,2.1799999999999997,7.666827534544158,1.59,7.687791909543627,60,1.72193,16,4.95684525053178,1.1316084426493371,0.4505972121354008,8.2614087508863,0.7509953535590014,26.666666666666668,1.8860140710822286
2020-04-05,2.44,7.6900864951592265,1.66,7.708555656089557,60,1.72193,0,4.5224821204944385,-0.43436313003734117,0.31980818377280584,7.537470200824064,0.5330136396213431,0.0,-0.7239385500622352
2020-04-06,3.44,8.451695066372752,2.37,8.477278424998763,76,2.18111,16,5.475476772200297,0.9529946517058585,0.41130211770367425,7.204574700263549,0.5411869969785187,21.05263157894737,1.253940331191919
2020-04-07,3.42,8.766859313472654,2.46,8.792395704369898,78,2.2385099999999998,2,5.200846869982081,-0.2746299022182157,0.31408213506277005,6.667752397412924,0.40266940392662826,2.5641025641025643,-0.35208961822848167
2020-04-08,4.17,9.646750800663455,3.23,9.674549137303556,90,2.5828900000000004,12,5.714110633507182,0.5132637635251003,0.34184832794268816,6.349011815007979,0.37983147549187574,13.333333333333334,0.5702930705834447
2020-04-09,5.27,10.58040007072349,4.15,10.613781873421257,108,3.09947,18,6.603131126933814,0.8890204934266324,0.4170419880699103,6.114010302716495,0.3861499889536206,16.666666666666668,0.8231671235431781
2020-04-10,5.28,10.734402826445637,4.22,10.764711052341537,112,3.21427,4,6.422028457130003,-0.18110266980381073,0.3358521356518152,5.7339539795803605,0.2998679782605493,3.5714285714285716,-0.16169881232483102
2020-04-11,5.5600000000000005,11.271543950599803,4.21,11.302813943010078,121,3.4725599999999996,9,6.594929293925381,0.17290083679537815,0.31396869771762925,5.450354788368084,0.2594782625765531,7.43801652892562,0.1428932535498993
2020-04-12,6.24,11.29431196790149,5.03,11.324777385374196,123,3.52995,2,6.2971208656704185,-0.2978084282549629,0.23256706420571663,5.119610459894649,0.18907891398838753,1.6260162601626016,-0.24212067337801862
2020-04-13,6.0,12.095504966889164,5.11,12.125969668609617,134,3.84564,11,6.592315902557508,0.2951950368870895,0.24083358693290272,4.919638733251872,0.17972655741261398,8.208955223880597,0.2202948036470817
2020-04-14,6.12,12.516130925063596,5.01,12.552427388092445,138,3.96043,4,6.434416476332974,-0.15789942622453434,0.18856872826355892,4.662620635023894,0.13664400598808618,2.898550724637681,-0.11441987407574952
2020-04-15,6.77,13.030282871725069,4.91,13.066375615187699,151,4.33352,13,6.823190529429812,0.38877405309683866,0.21465258744045276,4.518669224787955,0.1421540314175184,8.609271523178808,0.25746626032903225
2020-04-16,5.67,13.630468136353999,4.2,13.659782634294064,156,4.47701,5,6.718065963635855,-0.10512456579395746,0.17320929807030558,4.306452540792215,0.11103160132711896,3.2051282051282053,-0.06738754217561375
2020-04-17,6.72,13.927652169317518,5.09,13.9513940145598,162,4.64921,6,6.677688177171502,-0.04037778646435264,0.14565506231933684,4.122029738994755,0.08991053229588694,3.7037037037037037,-0.02492455954589669
2020-04-18,6.159999999999999,14.95414121218398,4.99,14.981196193693592,171,4.9075,9,6.805217510971521,0.12752933380001874,0.14332604832111734,3.9796593631412405,0.0838164025269692,5.2631578947368425,0.07457855777778874
2020-04-19,6.7,15.292159409120067,4.96,15.323463687885301,174,4.99359,3,6.600884208956173,-0.20433330201534794,0.09881000477944807,3.793611614342628,0.05678735906864832,1.7241379310344827,-0.1174329321927287
2020-04-20,5.640000000000001,15.609716217921465,4.0,15.637878385639159,181,5.19448,7,6.6218661499931795,0.020981941037006457,0.08887476277344837,3.658489585631591,0.04910207888035821,3.867403314917127,0.01159223261713064
2020-04-21,6.6000000000000005,15.976758561780114,4.85,16.00200969070492,181,5.19448,0,6.280678164121679,-0.34118798587150057,0.0341199917344536,3.469987935978828,0.018850824162681544,0.0,-0.18850164965276273
2020-04-22,6.11,16.674599536329794,4.89,16.69671134376377,205,5.88325,24,7.1763991063924015,0.8957209422707226,0.14356368454297644,3.500682490923123,0.07003106563072022,11.707317073170731,0.43693704501010855
2020-04-23,6.34,18.06192004066997,4.95,18.08702450807085,220,6.31374,15,7.564781731901512,0.3883826255091103,0.1745986748713873,3.438537150864324,0.07936303403244878,6.818181818181818,0.17653755704959556
2020-04-24,7.14,18.508335550461712,5.79,18.53872662424485,241,6.916410000000001,21,8.220342218694208,0.6555604867926963,0.235461264115334,3.410930381200916,0.09770176934246225,8.71369294605809,0.27201679949904406
2020-04-25,7.03,18.829098612133684,5.9,18.859081487322086,246,7.05991,5,8.065764371493078,-0.15457784720113033,0.18618041609872776,3.278766004671983,0.07568309597509258,2.032520325203252,-0.062836523252492
2020-04-26,6.539999999999999,18.45771427240156,4.98,18.477197194423624,249,7.146,3,7.826374019902024,-0.23939035159105337,0.1324826076890885,3.1431220963461945,0.053205866541802614,1.2048192771084338,-0.09614070345022224
2020-04-27,6.319999999999999,19.482738643489142,5.01,19.49889753423268,256,7.346889999999999,7,7.787899524316302,-0.03847449558572258,0.11093691395791024,3.042148251686055,0.04333473201480868,2.734375,-0.015029099838172882
2020-04-28,6.71,19.59291726800037,5.02,19.610252600889847,263,7.54778,7,7.751733511657013,-0.03616601265928843,0.09241663056815295,2.9474271907441114,0.03513940325785283,2.661596958174905,-0.01375133561189674
2020-04-29,7.700000000000001,21.07847564112584,5.68,21.104021781488367,292,8.38005,29,8.71393927102718,0.9622057593701658,0.2018247434399586,2.984225777749034,0.06911806282190364,9.931506849315069,0.32952252033224855
2020-04-30,8.62,20.9748215580953,6.71,21.005928672494804,302,8.66704,10,8.771428353199244,0.057489082172065054,0.18368347837572324,2.904446474569286,0.06082234383302094,3.3112582781456954,0.019036119924524853
2020-05-01,9.08,21.782045984542577,7.54,21.80793266847473,320,9.18362,18,9.17889075243842,0.4074623992391757,0.2117904718306488,2.8684033601370063,0.06618452244707776,5.625,0.1273319997622424
2020-05-02,9.46,22.14787729528202,7.68,22.173544342005155,333,9.5567,13,9.345618312597141,0.16672756015872103,0.20613390049814603,2.8064919857649073,0.06190207222166548,3.903903903903904,0.05006833638400031
2020-05-03,8.17,22.564853984759914,6.65,22.590709049375484,337,9.6715,4,9.114994803344,-0.23062350925314057,0.15133827608533726,2.7047462324462908,0.044907500322058536,1.1869436201780414,-0.06843427574277168
2020-05-04,10.549999999999999,22.700885022573036,8.44,22.727441140790155,344,9.87239,7,9.02473104524704,-0.09026375809695963,0.12104080246638774,2.623468327106698,0.03518627978674062,2.0348837209302326,-0.02623946456306966
2020-05-05,9.629999999999999,23.01352783986766,7.42,23.05181258895629,366,10.50376,22,9.572779007342564,0.5480479620955236,0.1745669841367957,2.6155133899843075,0.04769589730513543,6.0109289617486334,0.1497398803539682
2020-05-06,10.58,23.465703664813645,8.28,23.491293035608926,385,11.04904,19,9.967030356538794,0.39425134919622984,0.20209515983620152,2.58883905364644,0.05249224930810429,4.935064935064935,0.10240294784317658
2020-05-07,11.16,25.019267161388427,9.16,25.049912760186,419,12.0248,34,10.962581886143845,0.9955515296050503,0.3014908733733864,2.616367991919772,0.07195486238028316,8.1145584725537,0.23760179704177814
2020-05-08,12.34,26.238246738667428,10.14,26.266061598937743,464,13.316239999999999,45,12.359754800453182,1.397172914309337,0.43870923009592233,2.663740258718358,0.09454940303791429,9.698275862068966,0.30111485222183987
2020-05-09,13.8,27.667579064911546,10.84,27.689516631987846,502,14.4068,38,13.403068520680375,1.043313720227193,0.5144093813929524,2.6699339682630225,0.10247198832528932,7.569721115537849,0.2078314183719508
2020-05-10,15.49,26.65572025330065,12.36,26.695651747470457,519,14.89468,17,13.54820551157831,0.1451369908979352,0.46818376276914625,2.6104442218840673,0.0902088174892382,3.275529865125241,0.027964738130623352
2020-05-11,16.870000000000005,27.6403419302331,13.28,27.681222914101934,545,15.64085,26,14.04660507957964,0.49839956800133045,0.47196550376910296,2.577358730198099,0.08659917500350513,4.770642201834862,0.09144946201859275
2020-05-12,19.999999999999996,28.804674529448775,15.72,28.845985418208112,604,17.33408,59,15.8320544215265,1.78544934194686,0.6363322112333888,2.621201063166639,0.1053530151048657,9.7682119205298,0.2956041956865662
2020-05-13,21.4,31.149918105507084,17.33,31.195808981012146,673,19.31429,69,17.92813138133285,2.09607695980635,0.818976512505381,2.663912538088091,0.12169041790570295,10.252600297176821,0.3114527429132764
2020-05-14,24.83,31.761379937835756,19.96,31.80854689475072,734,21.06492,61,19.614102615664603,1.6859712343317526,0.9274424157407857,2.6722210648044418,0.12635455255324057,8.310626702997276,0.22969635345119244
2020-05-15,25.65,32.40426635148183,20.89,32.459118561319215,792,22.72945,58,21.106375373726728,1.492272758062125,0.9980983981109975,2.6649463855715565,0.12602252501401484,7.3232323232323235,0.1884182775330966
2020-05-16,30.04,34.903184914441795,24.67,34.95730849438665,857,24.59487,65,22.80154627730034,1.6951709035736116,1.0852888135960428,2.6606238363244272,0.12663813460863976,7.584597432905484,0.19780290590123822
2020-05-17,33.38,35.16090652236867,27.59,35.22912498877523,901,25.85762,44,23.615054663749294,0.8135083864489552,1.0512970370403643,2.6209827595726183,0.11668113618649992,4.8834628190899005,0.09028949905093842
2020-05-18,32.46,35.96180732191565,26.66,36.03076443622292,941,27.005570000000002,40,24.240017262656703,0.624962598907409,0.9979788486522976,2.575984831313146,0.10605513800768306,4.2507970244420825,0.06641472889558013
2020-05-19,35.81,36.11684233152173,29.24,36.16999723527775,1005,28.8423,64,25.74769018326941,1.5076729206127055,1.0617182054657155,2.5619592222158616,0.10564360253390204,6.3681592039801,0.15001720603111499
2020-05-20,38.89,37.76434520399987,31.44,37.84193664027871,1090,31.28169,85,27.98185134769736,2.2341611644279524,1.2083291198832,2.567142325476822,0.11085588255809174,7.798165137614679,0.20496891416770205
2020-05-21,43.11,39.85246403798628,35.95,39.945542803909795,1187,34.06548,97,30.570141614032583,2.588290266335221,1.3808814642455756,2.575412098907547,0.116333737510158,8.171861836562764,0.2180530974166151
2020-05-22,46.260000000000005,41.63121900640907,38.32,41.69719410175696,1271,36.47618,84,32.563394549404514,1.993252935371931,1.4574501078105735,2.5620294688752567,0.11466956001656754,6.608969315499607,0.15682556533217396
2020-05-23,48.81,43.02919623096426,40.35,43.104283177925936,1363,39.11647,92,34.76959831962232,2.2062037702178046,1.5510680762714815,2.5509609919018574,0.11379809803899352,6.749816581071166,0.16186381292867238
2020-05-24,54.97,44.89329837953478,44.76,44.99811817614087,1464,42.01505,101,37.21608706291498,2.4464887432926616,1.6630205219275613,2.5420824496526624,0.11359429794587167,6.898907103825136,0.16710988683693043
2020-05-25,57.84,45.495867700020604,47.28,45.572092093492685,1594,45.74589,130,40.62746887552246,3.4113818126074804,1.881608159005981,2.548774709882212,0.11804317183224473,8.155583437892096,0.21401391547098372
2020-05-26,62.50999999999999,48.62870924285635,51.33,48.72240206133379,1744,50.050709999999995,150,44.63071345627892,4.0032445807564585,2.1468578119043245,2.559100542217828,0.12309964517800025,8.600917431192661,0.22954384063970518
2020-05-27,69.52999999999999,51.41868338464241,57.54,51.5098961463727,1909,54.78601,165,49.017405240743145,4.386691784464226,2.426878718732503,2.567700641212318,0.12712827232752766,8.643268727082242,0.2297900358545954
2020-05-28,77.41,53.00078538583322,64.44,53.08436353122407,2085,59.836999999999996,176,53.62582112382697,4.608415883083822,2.699606367576318,2.5719818284809097,0.12947752362476345,8.441247002398082,0.22102714067548307
2020-05-29,84.27999999999999,54.467050868419804,70.03,54.56380421399365,2262,64.91669,177,58.0852934695527,4.459472345725736,2.9196146751692353,2.5678732745160344,0.12907226680677433,7.824933687002653,0.19714731855551443
2020-05-30,86.83,57.838356004061225,71.81,57.95040401284986,2413,69.25021,151,61.43077365514035,3.345480185587647,2.9728531701448153,2.545825679864913,0.1232015404121349,6.257770410277662,0.13864401929497086
2020-05-31,90.06,57.907126844577085,74.77,58.00476221306265,2485,71.31652,72,61.80990751074412,0.37913385560376867,2.648609978746118,2.4873202217603265,0.10658390256523613,2.89738430583501,0.01525689559773717
2020-06-01,95.82000000000002,58.727610924066084,78.37,58.85614143696889,2636,75.65004,151,64.99776958156517,3.1878620708210477,2.716021634324157,2.465772745886387,0.10303572209120476,5.728376327769348,0.12093558690519907
2020-06-02,102.02000000000001,61.53711641740858,84.61,61.66015404594524,2817,80.84453,181,69.1295637560251,4.131794174459941,2.8930050189793137,2.454013622862091,0.10269808374083471,6.425275115370962,0.14667355961874123
2020-06-03,112.07,63.184152700857304,93.01,63.31024445163084,3029,86.92867,212,74.20131395487003,5.071750198844924,3.1653640786430204,2.449696730104656,0.10450195043390624,6.9990095741168705,0.16743975565681493
2020-06-04,124.41,67.26582274900836,103.42,67.38615963312505,3388,97.23154,359,84.27870806397476,10.07739410910473,4.029412003097146,2.4875651730807187,0.11893187730511058,10.596221959858324,0.29744374584134387
2020-06-05,131.92000000000002,71.29896823031223,108.72,71.39863073411892,3593,103.1148,205,88.53703066820883,4.258322604234067,4.05802710820788,2.464153372340908,0.11294258581151906,5.705538547175062,0.11851718909641155
2020-06-06,137.91,70.42076720354129,114.28,70.55257651946778,3788,108.71106,195,92.28111332606944,3.7440826578606163,4.018782515912223,2.4361434352183062,0.10609246346125192,5.147835269271384,0.09884061926770371
2020-06-07,144.34,73.82287896435534,119.84,73.97548146910474,4033,115.74226999999999,245,97.6363380191297,5.355224693060251,4.18584350936128,2.4209357306999677,0.10378982170496602,6.074882221671213,0.13278513992214855
2020-06-08,150.64,74.89065653580316,124.12,75.01823802492056,4243,121.76902,210,101.56543832076109,3.9291003016313937,4.153749646671771,2.3937176130276008,0.09789652714286522,4.949328305444261,0.0926019397037802
2020-06-09,159.8,78.7660783137595,132.48,78.89831869519966,4504,129.2594,261,107.1254347045216,5.559996383760506,4.329535097939556,2.3784510369565184,0.09612644533613579,5.7948490230905865,0.12344574564299525
2020-06-10,161.07000000000002,82.12358151842955,133.77,82.30163875290785,4762,136.6637,258,112.3731927618981,5.247758057376501,4.444315601242102,2.359789852202816,0.09332876105086313,5.417891642167157,0.1102007151906027
