date,n_mean_ICU,n_std_ICU,n_mean_ICU_SUS,n_std_ICU_SUS,confirmed,confirmed_per_100k_inhabitants,growth_rate,growth_rate_EWM,growth_accel,growth_accel_EWM,growth_rate_EWM_NORM_(%),growth_accel_EWM_NORM_(%),growth_rate_NORM_(%),growth_accel_NORM_(%)
2020-03-14,0.0,0.9691191460248422,0.0,0.9691191460248422,1,0.0435,0,0.0,0.0,0.0,0.0,0.0,0.0,0.0
2020-03-16,0.0,2.203211613563575,0.0,2.203211613563575,5,0.21750999999999998,4,2.0327868852459017,2.0327868852459017,1.0841530054644808,40.65573770491803,21.683060109289617,80.0,40.65573770491803
2020-03-18,0.0,2.3637412564138076,0.0,2.3637412564138076,6,0.26102,1,1.6771766391974203,-0.35561024604848135,0.5389172179092762,27.95294398662367,8.98195363182127,16.666666666666668,-5.926837434141356
2020-03-20,0.0,2.589762283853229,0.0,2.589762283853229,7,0.30451999999999996,1,1.4994670589582544,-0.17770958023916594,0.32244941811458455,21.42095798511792,4.606420258779779,14.285714285714286,-2.538708289130942
2020-03-21,0.0,3.15146270352628,0.0,3.15146270352628,10,0.43503000000000003,3,1.819569934151061,0.32010287519280656,0.3218472353060135,18.19569934151061,3.218472353060135,30.0,3.201028751928065
2020-03-24,0.13,3.6712430119137105,0.0,3.6712430119137105,15,0.65254,5,2.3940235495224873,0.5744536153714264,0.37913230303834644,15.960156996816583,2.5275486869223096,33.333333333333336,3.8296907691428426
2020-03-25,0.3,3.8764974297982353,0.0,3.8764974297982353,16,0.69605,1,2.1747632904893504,-0.21926025903313695,0.25596654353785064,13.59227056555844,1.5997908971115664,6.25,-1.3703766189571058
2020-03-27,0.42000000000000004,3.9353767162737934,0.0,3.9353767162737934,16,0.69605,0,1.8707178218945684,-0.304045468594782,0.14932051618890177,11.691986386841052,0.9332532261806361,0.0,-1.9002841787173874
2020-03-30,0.49000000000000005,4.269198940780297,0.0,4.269198940780297,18,0.78305,2,1.8870371614084451,0.016319339513876763,0.12554796661875178,10.483539785602472,0.6974887034375099,11.11111111111111,0.09066299729931535
2020-03-31,0.42,4.336357685869327,0.0,4.336357685869327,19,0.8265600000000001,1,1.7846844393944306,-0.10235272201401457,0.08689056138471252,9.393075996812792,0.45731874413006585,5.2631578947368425,-0.5386985369158662
2020-04-01,0.47,4.7266223231667865,0.0,4.7266223231667865,22,0.95706,3,1.9141536226697757,0.12946918327534518,0.09380439147659798,8.700698284862618,0.4263835976208999,13.636363636363637,0.5884962876152054
2020-04-02,0.6300000000000001,4.83544938005463,0.0,4.83544938005463,24,1.04407,2,1.9226666603310667,0.008513037661290968,0.08045396653101278,8.011111084712779,0.33522486054588657,8.333333333333334,0.03547099025537903
2020-04-03,0.71,5.021840078873259,0.0,5.021840078873259,27,1.17458,3,2.022801626693803,0.10013496636273622,0.08344042524178927,7.4918578766437145,0.3090386120066269,11.11111111111111,0.37087024578791195
2020-04-04,0.8700000000000001,5.512333554142131,0.0,5.512333554142131,32,1.39209,5,2.2836903853316937,0.26088875863789074,0.10966566269418995,7.136532454161543,0.3427051959193436,15.625,0.8152773707434086
2020-04-06,0.89,5.604524236649524,0.0,5.604524236649524,32,1.39209,0,2.0940723210236163,-0.18961806430807737,0.06641987818727169,6.543976003198801,0.207562119335224,0.0,-0.5925564509627418
2020-04-07,1.1600000000000001,6.227841203868806,0.9,6.235062634858295,36,1.5661100000000001,4,2.244677480091015,0.1506051590673989,0.07835180629104735,6.235215222475042,0.21764390636402042,11.11111111111111,0.4183476640761081
2020-04-08,1.42,6.598617394208541,0.87,6.607181813386969,39,1.69661,3,2.3016962987336136,0.05701881864259839,0.07537795848026008,5.90178538136824,0.19327681661605148,7.6923076923076925,0.1462020990835856
2020-04-09,1.47,6.697003475850641,0.82,6.70801427812699,40,1.7401200000000001,1,2.2075041201073033,-0.09419217862631024,0.052075239406381965,5.518760300268259,0.13018809851595492,2.5,-0.2354804465657756
2020-04-10,1.69,7.070557748062516,0.84,7.080055569604442,42,1.82712,2,2.193067832300708,-0.014436287806595338,0.0430472208368944,5.221590076906447,0.10249338294498667,4.761904761904762,-0.034372113825226994
2020-04-11,1.59,7.661727987704586,0.92,7.666529577166957,44,1.9141299999999999,2,2.180119050978669,-0.012948781322038805,0.035527274408684924,4.954816024951521,0.08074380547428392,4.545454545454546,-0.0294290484591791
2020-04-13,1.44,7.798226553116893,0.86,7.805942439817077,45,1.95763,1,2.10363269455305,-0.0764863564256193,0.020623002675712022,4.674739321229,0.045828894834915604,2.2222222222222223,-0.16996968094582066
2020-04-14,1.12,7.848856186371581,0.9,7.854587413374648,46,2.00113,1,2.0343587700755443,-0.06927392447750558,0.008757138915486996,4.422519065381619,0.01903725851192825,2.1739130434782608,-0.15059548799457734
2020-04-15,1.3900000000000001,8.029194142992099,0.85,8.037129996824651,48,2.08814,2,2.0322659579783156,-0.00209281209722878,0.007334956308236993,4.233887412454824,0.015281158975493736,4.166666666666667,-0.004360025202559958
2020-04-16,1.6500000000000001,8.238449459391587,0.89,8.244388970381586,53,2.30566,5,2.2079971763644957,0.1757312183861801,0.02927455451629742,4.166032408234898,0.05523500852131588,9.433962264150944,0.3315683365776983
2020-04-17,2.08,8.850410023030435,1.71,8.864291149085616,58,2.52317,5,2.3689831401419488,0.1609859637774531,0.046344423305074225,4.084453689899911,0.07990417811219694,8.620689655172415,0.2775620065128502
2020-04-18,2.76,9.60933069280251,1.75,9.621160863619128,71,3.08871,13,2.9667790953948385,0.5977959552528898,0.11748554847951033,4.178562106189913,0.16547260349226806,18.309859154929576,0.8419661341589997
2020-04-19,3.09,10.724747412909409,2.66,10.73799828043882,86,3.74125,15,3.627581245367824,0.6608021499729855,0.1872974718454997,4.218117727171888,0.21778775795988334,17.441860465116278,0.7683745929918436
2020-04-20,3.829999999999999,10.87524698430785,2.61,10.888016209103336,92,4.002269999999999,6,3.7549758440995435,0.12739459873171954,0.17962720810824265,4.081495482716895,0.19524696533504637,6.521739130434782,0.13847238992578212
2020-04-21,4.77,11.980352813475633,3.42,11.997185233851878,117,5.089840000000001,25,4.87184932836604,1.1168734842664967,0.29927259211355406,4.16397378492824,0.2557885402679949,21.367521367521366,0.9545927215952963
2020-04-22,4.38,12.234488179327364,3.48,12.254480854369188,118,5.13335,1,4.672354436137739,-0.19949489222830152,0.2357704648242635,3.9596224035065584,0.19980547866463008,0.847457627118644,-0.16906346799008604
2020-04-23,4.840000000000001,12.917163118514182,3.48,12.936100766084927,135,5.87289,17,5.295523336320134,0.623168900182395,0.2849792259420973,3.922609878755655,0.21109572292007206,12.592592592592593,0.46160659272770005
2020-04-24,5.659999999999999,13.370345749252166,4.26,13.395467347373344,145,6.307919999999999,10,5.529065029350413,0.23354169303027916,0.2784586384003988,3.813148296103733,0.1920404402761371,6.896551724137931,0.16106323657260632
2020-04-25,5.55,14.161435362107598,4.35,14.179342421817436,154,6.69945,9,5.698426462382559,0.16936143303214646,0.2646530966018395,3.700276923625039,0.17185266013106462,5.8441558441558445,0.10997495651438081
2020-04-26,6.67,14.882274148744333,5.31,14.90556888677463,175,7.613010000000001,21,6.432908742714174,0.7344822803316147,0.32401529881536884,3.6759478529795278,0.18515159932306788,12.0,0.41970416018949414
2020-04-27,9.0,15.839754870055105,7.75,15.877825239730862,211,9.17912,36,7.830146326727626,1.3972375840134523,0.4594326935870204,3.710969823093662,0.21774061307441725,17.061611374407583,0.6621979071153803
2020-04-28,13.02,18.047398424675784,11.06,18.08880841567487,280,12.180819999999999,69,10.678105251441439,2.8479589247138124,0.7604582354272929,3.813609018371942,0.27159222693831886,24.642857142857142,1.0171281873977902
2020-04-30,23.540000000000003,22.765566014478885,19.89,22.83569346351444,453,19.70683,173,18.128973692376437,7.450868440934999,1.602782014084462,4.001980947544467,0.3538150141466803,38.18984547461368,1.6447833202947018
2020-05-01,25.98,23.497496062604654,21.93,23.558383246991315,517,22.49101,64,20.20619564954786,2.077221957171421,1.6624603626925263,3.9083550579396245,0.3215590643505854,12.379110251450676,0.40178374413373713
2020-05-02,30.639999999999997,25.70334184144509,26.01,25.783942324985563,601,26.14526,84,23.057886225078388,2.8516905755305295,1.8119323665201088,3.8365867263025604,0.3014862506689033,13.976705490848586,0.47449094434784184
2020-05-03,36.599999999999994,27.63371111340259,31.02,27.710315586419973,730,31.757140000000003,129,27.73547117660921,4.677584951530822,2.171862953995478,3.799379613234138,0.2975154731500655,17.671232876712327,0.6407650618535372
2020-05-04,39.53,28.560895265797225,33.72,28.63470513876192,772,33.58426,42,28.357879470498055,0.6224082938888458,1.9773659610985015,3.6733004495463804,0.2561354871889251,5.4404145077720205,0.08062283599596448
2020-05-05,46.269999999999996,31.524919195820793,39.87,31.608758759290602,898,39.06563,126,32.57040778258614,4.212528312088082,2.2577896332606313,3.626994185143223,0.25142423532969166,14.031180400890868,0.4691011483394301
2020-05-06,50.51,32.21038205487808,42.58,32.30932237174299,998,43.41592,100,35.44816823422696,2.8777604516408246,2.3355354584477634,3.551920664752201,0.234021589022822,10.02004008016032,0.28835275066541327
2020-05-07,61.730000000000004,35.896147974315284,53.05,35.993067935283584,1214,52.81255,216,43.07429635510875,7.626128120881788,2.9987215845059843,3.5481298480320227,0.2470116626446445,17.792421746293247,0.6281818880462757
2020-05-08,73.66,39.59569510321887,63.44,39.697675885460484,1438,62.55721,224,50.64070461283735,7.566408257728597,3.5710885858913053,3.5216067185561437,0.24833717565308103,15.577190542420027,0.5261758176445478
2020-05-09,81.94,41.447694042179734,69.83,41.566963341265875,1588,69.08265,150,54.756604560727595,4.115899947890249,3.639336716642119,3.4481489018090423,0.229177375103408,9.445843828715365,0.25918765414926004
2020-05-10,95.98999999999998,44.354711489458836,81.78,44.49957338349584,1771,77.04368000000001,183,60.02075820327054,5.264153642542944,3.8428215783239095,3.389088549027134,0.21698597280202764,10.333145115753812,0.297241877049291
2020-05-11,93.62,43.78372847060743,80.42,43.90852398780765,1800,78.30527,29,58.75850886074497,-1.2622493425255712,3.2036357181486608,3.2643616033747205,0.17797976211937006,1.6111111111111112,-0.07012496347364285
2020-05-12,104.00999999999999,47.68715462429706,89.71,47.82541809709159,2032,88.39794,232,65.74884183405443,6.990332973309464,3.6776555140132507,3.2356713501011036,0.18098698395734503,11.417322834645669,0.344012449473891
2020-05-13,115.19000000000001,50.474922496325846,99.06,50.60112845589613,2268,98.66463,236,72.56336995371898,6.814528119664544,4.07025930707043,3.199443119652512,0.1794646960789431,10.405643738977073,0.3004642028070787
2020-05-14,114.84,54.669596854211576,98.01,54.81764971432121,2494,108.4963,226,78.65753326733851,6.094163313619532,4.323526555673783,3.153870620181977,0.17335711931330325,9.061748195669606,0.2443529796960518
2020-05-15,133.41,57.59733235089447,115.07,57.74909344690525,2868,124.76638999999999,374,90.30102509376238,11.643491826423869,5.239405817112054,3.148571307313891,0.1826850005966546,13.04044630404463,0.40597949185578347
2020-05-16,144.23,60.691028683210355,124.68,60.82235249171362,3135,136.38166999999999,267,97.21759032257422,6.916565228811848,5.449227867789093,3.1010395637184764,0.17381907074287378,8.516746411483254,0.22062409023323282
2020-05-17,148.92000000000002,62.54674286023408,127.53,62.67778029273407,3343,145.43028,208,101.52431709722465,4.3067267746504285,5.306309665549829,3.0369224378469832,0.15872897593627966,6.221956326652707,0.1288282014552925
2020-05-18,155.88,65.39552804962193,134.23,65.50734454157708,3566,155.13143,223,106.21570553693124,4.691388439706586,5.2293948012398905,2.9785671771433324,0.14664595628827512,6.25350532809871,0.13155884575733556
2020-05-19,173.31,68.12867377917384,148.58,68.27693454534327,3967,172.5761,401,117.5282993174084,11.312593780477158,5.9902249412781075,2.9626493399901284,0.151001384957855,10.108394252583816,0.2851674761905006
2020-05-20,187.87999999999997,72.11508613656957,160.75,72.27678153103422,4277,186.06201000000001,310,124.8696490629332,7.341349745524809,6.159199155897263,2.9195615866947207,0.1440074621439622,7.248071077858312,0.17164717665477694
2020-05-21,201.10999999999999,77.50600287602362,172.76,77.63454696086131,4734,205.94285,457,137.46381791681208,12.59416885387887,6.963918795043941,2.903756187511873,0.1471043260465556,9.653569919729616,0.26603651993829464
2020-05-22,198.94,78.65794935007901,171.48,78.79823980241942,4922,214.1214,188,139.36932971471396,1.9055117979018803,6.331378278102096,2.8315589133424206,0.12863426001832784,3.8195855343356357,0.03871417712112719
2020-05-23,203.1,80.2476555936859,175.16,80.37624417875489,5131,223.21351,209,141.9805905157785,2.6112608010645317,5.866209390110803,2.767113438233843,0.11432877392537133,4.073280062366011,0.05089184956274667
2020-05-24,199.92,82.99122764887062,171.84,83.10149376916559,5314,231.17453999999998,183,143.51085956068243,1.530269044903946,5.324059589760724,2.7006183583116754,0.10018930353332187,3.443733534060971,0.02879693347579876
2020-05-25,207.32999999999998,82.94237207759727,178.53,83.09335825358478,5448,237.00394,134,143.15782973904786,-0.3530298216345784,4.61424325877001,2.6277134680441967,0.08469609505818668,2.4596182085168867,-0.006479989383894611
2020-05-26,212.49999999999997,90.28386270340046,182.58,90.43981128157259,5735,249.48927999999998,287,148.47122421387658,5.313394474828726,4.701656573432027,2.588861799718859,0.0819818059883527,5.004359197907585,0.09264855230738843
2020-05-27,204.6,88.83512635634328,176.03,88.96824587878237,5912,257.18928999999997,177,149.52014038664814,1.0489161727715555,4.24497528147163,2.5290957440231416,0.07180269420621836,2.993910690121786,0.01774215447854458
2020-05-28,210.07999999999996,92.3474603786365,181.31,92.48301107978611,6156,267.80401,244,152.97828460347458,3.4581442168264402,4.14660467251754,2.485027365228632,0.06735875036578201,3.96361273554256,0.056175182209656276
2020-05-29,206.80999999999997,94.88488013259952,177.59,95.01874750688823,6462,281.1159,306,158.55494889258907,5.57666428911449,4.3253887232836625,2.4536513291951265,0.0669357586394872,4.735376044568246,0.08629935452049659
2020-05-30,210.21999999999997,99.80285342371305,181.48,99.91165673491332,6805,296.03741,343,165.2487757488688,6.693826856279742,4.621482034917033,2.4283435084330462,0.0679130350465398,5.0404114621601765,0.0983663020761167
2020-05-31,207.98000000000002,101.58633061429461,179.47,101.71180692366433,6999,304.47697,194,166.2880150015358,1.039239252666988,4.1736506763390775,2.3758824832338306,0.05963209996198139,2.7718245463637663,0.014848396237562338
2020-06-01,210.25,102.7087381674977,180.91,102.84370080836064,7233,314.65666,234,168.72604782322844,2.4380328216926443,3.956676819162108,2.332725671550234,0.054703122067774196,3.2351721277478225,0.03370707620202743
2020-06-02,203.48,106.5608121916753,175.74,106.68448385285227,7555,328.6646,322,174.22421226368155,5.49816444045311,4.149379577331383,2.3060782563028663,0.05492229751596801,4.2620780939774985,0.07277517459236413
2020-06-03,213.67999999999998,110.93463029180654,183.3,111.0402728652078,7989,347.54487,434,183.50920522119003,9.284992957508479,4.7913802398311125,2.2970234725396175,0.059974718235462667,5.432469645762924,0.11622221751794315
2020-06-04,199.35999999999999,115.45287498115472,172.55,115.57825851523349,8200,356.72399,211,184.48837868456778,0.979173463377748,4.314822573133233,2.24985827664107,0.052619787477234545,2.573170731707317,0.01194113979728961
2020-06-05,208.60000000000002,115.44458117743042,180.22,115.53225923192328,8577,373.12459,377,191.32233873505146,6.833960050483682,4.629733155993176,2.2306440332872968,0.05397846748272328,4.395476273755392,0.07967774338910671
2020-06-06,217.41000000000003,116.49674214458973,187.31,116.61065487468557,8972,390.30824,395,198.5293244564054,7.206985721353931,4.951906196341683,2.2127655423139254,0.055192891176345106,4.402585822559073,0.0803275269878949
2020-06-07,227.31,117.72807039353809,194.9,117.85460771045763,9290,404.14217,318,202.74353282057703,4.21420836417164,4.859689842434682,2.1823846374658453,0.05231097785182651,3.4230355220667383,0.04536284568537825
2020-06-08,243.50000000000003,121.05290443738751,210.52,121.21334609987166,9727,423.15295,437,210.9818487511122,8.23831593053518,5.282034633687741,2.1690330908924866,0.05430281313547591,4.492649326616634,0.08469534214593584
2020-06-09,249.43000000000004,125.97127657613947,214.81,126.1000254647961,10126,440.51062,399,217.57487380675818,6.593025055645967,5.445914048779173,2.1486754276788287,0.05378149366758022,3.9403515702152876,0.06510986624181282
2020-06-10,268.9,127.88814270464815,231.0,128.00748823582333,10615,461.78355,489,227.06598976360345,9.491115956845277,5.95157944003424,2.1391049436043663,0.05606763485665793,4.606688648139425,0.08941230293777934
