date;n_mean_ICU;n_std_ICU;n_mean_ICU_SUS;n_std_ICU_SUS;confirmed;confirmed_per_100k_inhabitants;growth_rate;growth_rate_EWM;growth_accel;growth_accel_EWM;growth_rate_EWM_NORM_(%);growth_accel_EWM_NORM_(%);growth_rate_NORM_(%);growth_accel_NORM_(%)
2020-03-12;0.0;0.9664053983393273;0.0;0.9664053983393273;1;0.02852;0;0.0;0.0;0.0;0.0;0.0;0.0;0.0
2020-03-13;0.0;0.9699526178159845;0.0;0.9699526178159845;1;0.02852;0;0.0;0.0;0.0;0.0;0.0;0.0;0.0
2020-03-16;0.0;0.9676588429625581;0.0;0.9676588429625581;1;0.02852;0;0.0;0.0;0.0;0.0;0.0;0.0;0.0
2020-03-18;0.0;0.967554451264432;0.0;0.967554451264432;1;0.02852;0;0.0;0.0;0.0;0.0;0.0;0.0;0.0
2020-03-20;0.0;2.328132732513768;0.0;2.328132732513768;6;0.17109000000000002;5;1.0666306164880828;1.0666306164880828;0.2737246416349343;17.777176941468046;4.562077360582239;83.33333333333333;17.777176941468046
2020-03-21;0.0;2.8569249556157756;0.0;2.8569249556157756;9;0.25664000000000003;3;1.4158384309068506;0.3492078144187678;0.2908424146082597;15.73153812118723;3.2315823845362193;33.333333333333336;3.880086826875198
2020-03-22;0.1;3.4684508811790193;0.0;3.4684508811790193;13;0.3707;4;1.8222906283729028;0.4064521974660522;0.3146381092975036;14.017620218253098;2.4202931484423353;30.76923076923077;3.1265553651234788
2020-03-24;0.12;3.6412676780251005;0.0;3.6412676780251005;14;0.39921999999999996;1;1.7073292711906778;-0.114961357182225;0.23282722764012906;12.195209079933411;1.6630516260009218;7.142857142857143;-0.8211525513016072
2020-03-25;0.14;3.61800575684529;0.0;3.61800575684529;14;0.39921999999999996;0;1.4918124347105701;-0.21551683648010767;0.15269048182153175;10.6558031050755;1.0906462987252268;0.0;-1.5394059748579119
2020-03-26;0.48;4.1774261081303266;0.0;4.1774261081303266;19;0.5418;5;1.8966123261524948;0.40479989144192463;0.1954542648951065;9.98217013764471;1.0287066573426658;26.31578947368421;2.1305257444311825
2020-03-27;0.8300000000000001;5.1201374074049095;0.0;5.1201374074049095;28;0.7984399999999999;9;2.6533456639227584;0.7567333377702636;0.2865936200850773;9.476234514009851;1.0235486431609904;32.142857142857146;2.702619063465227
2020-03-28;2.9400000000000004;8.471121710275627;1.71;8.484444768533947;68;1.9390599999999998;40;6.356862163672622;3.7035164997498633;0.8214353175049484;9.348326711283267;1.2079931139778652;58.8235294117647;5.4463477937497995
2020-03-30;3.4299999999999997;8.662804675651232;2.53;8.684082268638686;77;2.1957;9;6.602534054244626;0.24567189057200434;0.734067108754761;8.574719550967046;0.9533339074737155;11.688311688311689;0.31905440334026536
2020-03-31;3.6;8.858078547605885;2.59;8.877356338209905;82;2.33828;5;6.462105682445355;-0.14042837179927137;0.6048246910342877;7.8806166859089695;0.7375910866271801;6.097560975609756;-0.17125411195033094
2020-04-01;4.6899999999999995;9.517252754865765;3.47;9.54186564566909;92;2.62343;10;6.755862085033974;0.29375640258861946;0.5598760655149478;7.343328353297798;0.6085609407771172;10.869565217391305;0.3193004375963255
2020-04-02;5.529999999999999;10.198616909595481;4.25;10.230312158907317;106;3.02265;14;7.328289126743962;0.5724270417099877;0.5616549672900059;6.913480308249021;0.5298631766886848;13.20754716981132;0.5400255110471582
2020-04-03;10.17;13.463888139701098;8.63;13.49849561389653;176;5.01874;70;12.059336887287577;4.731047760543615;1.1428740555329486;6.851895958686123;0.6493602588255389;39.77272727272727;2.6880953184906904
2020-04-04;12.16;14.435674384991335;10.28;14.477233677381014;215;6.13085;39;14.0087929583332;1.9494560710456224;1.2537164151503246;6.5157176550386975;0.5831239140234068;18.13953488372093;0.9067237539747081
2020-04-05;13.22;15.613689215207625;11.02;15.66610643743655;246;7.0148399999999995;31;15.19088975192027;1.1820967935870712;1.2439950435248874;6.175158435739947;0.5056890420832876;12.601626016260163;0.4805271518646631
2020-04-07;15.1;16.011038237870316;12.83;16.073408022399775;254;7.242960000000001;8;14.70860713757218;-0.4822826143480903;1.0121657163065916;5.790790211642591;0.3984904394907841;3.1496062992125986;-0.18987504501893318
2020-04-08;14.81;16.520893077579316;12.05;16.578522493901808;261;7.44257;7;14.208993753159426;-0.49961338441275416;0.8110119250266636;5.444058909256484;0.3107325383243922;2.681992337164751;-0.19142275264856481
2020-04-10;14.999999999999998;16.620618872869077;12.02;16.660869476626115;263;7.4996;2;13.442647381420933;-0.7663463717384928;0.6028099403406272;5.111272768601116;0.22920530050974416;0.7604562737642585;-0.2913864531325068
2020-04-11;15.77;17.3516813437357;12.82;17.41345587339129;289;8.241010000000001;26;14.207522824038323;0.7648754426173898;0.6240530536323946;4.916097862989039;0.2159353126755691;8.996539792387543;0.2646627829125916
2020-04-12;19.919999999999998;19.153156239622597;16.39;19.217213480091072;339;9.666789999999999;50;16.326936334187803;2.1194135101494798;0.8188769005953485;4.816205408314986;0.24155660784523553;14.749262536873156;0.6251957257078111
2020-04-13;21.310000000000002;20.4826338120562;18.22;20.53703697904807;376;10.721860000000001;37;17.51893838028169;1.1920020460938865;0.8672341181756762;4.6592921224153425;0.23064737185523304;9.840425531914894;0.3170218207696507
2020-04-14;20.450000000000003;21.642894534659266;17.21;21.6905690067915;399;11.37772;23;17.827145629875233;0.3082072495935435;0.7951157213091352;4.467956298214344;0.1992771231351216;5.764411027568922;0.07724492471016128
2020-04-15;20.130000000000003;21.689712661848137;17.0;21.741288723383796;400;11.406239999999999;1;16.903085970513818;-0.924059659361415;0.5742151642524236;4.225771492628454;0.1435537910631059;0.25;-0.23101491484035375
2020-04-16;24.01;23.45654772794009;20.75;23.52099341679963;463;13.202720000000001;63;19.37840692896218;2.4753209584483606;0.817642266759062;4.185401064570665;0.17659660189180604;13.606911447084233;0.5346265569002939
2020-04-17;25.49;24.51458277611244;21.65;24.568114878575216;516;14.71405;53;21.1459297862808;1.767522857318621;0.9389005004887641;4.098048408193954;0.1819574613350318;10.271317829457365;0.34254318940283357
2020-04-18;29.03;25.633303049988022;24.71;25.694204117904203;561;15.99725;45;22.374997542515132;1.2290677562343326;0.9758440434982957;3.9884131091827326;0.17394724483035573;8.02139037433155;0.2190851615390967
2020-04-19;26.259999999999998;27.61279892815041;22.23;27.673521001969817;595;16.96678;34;22.962647467922203;0.5876499254070708;0.9265342118598695;3.8592684820037313;0.15572003560670078;5.714285714285714;0.0987646933457262
2020-04-20;24.04;27.88352379076036;20.52;27.943165514842786;608;17.33748;13;22.468077354590527;-0.494570113331676;0.7463849194320282;3.6954074596366;0.12276067753816254;2.138157894736842;-0.08134376864007829
2020-04-21;25.889999999999997;29.15194203209152;21.48;29.199406230990796;646;18.42107;38;23.22594481658988;0.7578674619993535;0.7478379605143535;3.595347494828155;0.11576439017250054;5.882352941176471;0.11731694458194326
2020-04-22;27.72;30.61094542476563;23.11;30.666722677814466;708;20.18904;62;25.087116571168085;1.861171754578205;0.8885059907327277;3.5433780467751532;0.12549519643117624;8.757062146892656;0.2628773664658482
2020-04-23;30.28;31.557131547641518;25.99;31.603203184410777;754;21.50076;46;26.075386484585955;0.9882699134178701;0.9010940358083375;3.458274069573734;0.11950849281277684;6.10079575596817;0.13107028029414722
2020-04-24;32.91;32.23651103072949;27.09;32.31833138381906;781;22.27068;27;26.118434835284972;0.043048350699017135;0.7929546886587395;3.3442298124564624;0.10153068996910879;3.4571062740076823;0.005511952714342783
2020-04-25;33.17;32.879179298047134;28.29;32.93184372781353;825;23.525370000000002;44;26.939231005553193;0.8207961702682205;0.7964599359115023;3.265361334006448;0.09654059829230331;5.333333333333333;0.09949044488099643
2020-04-26;30.18;34.21527120802031;25.86;34.2681365679312;832;23.72498;7;26.036303563378986;-0.9029274421742066;0.5826991979144596;3.1293634090599745;0.07003596128779563;0.8413461538461539;-0.10852493295363061
2020-04-27;30.29;34.86490981436259;25.87;34.92785473463317;857;24.43786;25;25.98997904746139;-0.0463245159175969;0.5036384458863298;3.0326696671483533;0.0587676132889533;2.9171528588098017;-0.005405427761679918
2020-04-28;42.809999999999995;37.92719462231807;36.07;37.98469681225839;1086;30.967940000000002;229;34.953332573095295;8.963353525633906;1.5661923069002952;3.2185389109664175;0.14421660284533105;21.086556169429098;0.8253548366145402
2020-04-29;48.49;39.12310837715875;41.3;39.175344402964846;1177;33.56286;91;37.39883295261944;2.445500379524148;1.6765684155781742;3.17747093905008;0.14244421542720256;7.731520815632965;0.20777403394427765
2020-04-30;50.91;41.23656280682487;42.76;41.31775056947331;1297;36.98473;120;40.96245644739467;3.5636234947752286;1.9133185177111816;3.15824644929797;0.14751877545961306;9.252120277563609;0.2747589433134332
2020-05-01;54.23;42.21192702102432;46.25;42.29437649177823;1366;38.9523;69;42.159042862105444;1.1965864147107723;1.8234385957312023;3.086313533097031;0.1334874521033091;5.051244509516837;0.08759783416623516
2020-05-02;51.519999999999996;43.4997244389275;43.64;43.58435988129947;1392;39.693709999999996;26;41.476519013014276;-0.6825238490911687;1.5093113075675084;2.9796349865671177;0.10842753646318307;1.867816091954023;-0.049031885710572466
2020-05-03;50.410000000000004;44.48101116819912;42.88;44.53656873340665;1421;40.52066;29;40.95474441390554;-0.5217745991087384;1.2548002972621366;2.882107277544373;0.08830403217889772;2.0408163265306123;-0.036718831745864766
2020-05-04;57.44;45.006213487975785;49.22;45.07161914692275;1536;43.79995;115;44.02202525985749;3.067280845951956;1.4818484429109964;2.866017269521972;0.096474508002018;7.486979166666667;0.19969276340833045
2020-05-05;61.63999999999999;47.04893094460599;52.12;47.132022055395666;1644;46.87964;108;46.64820251925736;2.626177259399867;1.6251591059339254;2.8374819050643163;0.09885396021495896;6.569343065693431;0.15974314229926198
2020-05-06;62.9;48.87583666906389;53.6;48.97190429318642;1739;49.58862;95;48.61566005785364;1.9674575385962783;1.668016946992384;2.795610124085891;0.09591816831468568;5.462909718228867;0.11313729376631847
2020-05-07;66.52;50.34548273999597;56.61;50.43912699802835;1821;51.9269;82;49.96272565256255;1.3470655947089085;1.6278401691196527;2.7436971802615346;0.08939265069300674;4.503020318506315;0.07397394808945132
2020-05-08;68.69;50.69293464805843;58.67;50.760759679424844;1919;54.721430000000005;98;51.88548118831979;1.92275553575724;1.6647511011620222;2.703777029094309;0.08675096931537374;5.106826472120896;0.10019570274920479
2020-05-10;69.56;51.63234324226307;59.06;51.721903181213946;1930;55.0351;11;50.26160037548921;-1.6238808128305777;1.2532183635267815;2.6042279987300105;0.0649335939651182;0.5699481865284974;-0.08413890221920092
2020-05-11;73.60000000000001;52.53123188382625;61.98;52.6249933323732;2033;57.9722;103;52.34074304589462;2.0791426704054103;1.3565586002913748;2.5745569624148854;0.06672693557753934;5.0664043285784555;0.10226968373858389
2020-05-12;93.01;56.83847902591869;79.28;56.92656935017074;2367;67.49641;334;63.36579072404599;11.025047678151374;2.5661408207489376;2.677050727674102;0.1084132159167274;14.110688635403465;0.4657814819666825
2020-05-13;87.87;61.423939982960256;74.62;61.50232518393352;2537;72.34406;170;67.51125393900627;4.145463214960273;2.7637020473354386;2.6610663752071844;0.10893583158594555;6.700827749310209;0.16340020555617946
2020-05-14;98.19;63.269304324427104;84.34;63.3503691362329;2786;79.44445;249;74.52034567540629;7.009091736400023;3.294718961623016;2.6748149919384883;0.11825983351123533;8.93754486719311;0.2515826179612356
2020-05-16;108.07000000000002;65.13739366550794;92.92;65.22019360240625;3004;85.66085;218;80.02649737895563;5.506151703549335;3.571304470081242;2.663997915411306;0.11888496904398275;7.256990679094541;0.18329399812081676
2020-05-17;109.78999999999999;63.77161515909724;93.88;63.84563023418283;3138;89.48194000000001;134;82.08518111441828;2.058683735462651;3.3821332700222437;2.6158438850993715;0.1077799002556483;4.270235818992989;0.06560496288918582
2020-05-18;126.60000000000001;69.07622023547759;107.79;69.1752130608949;3483;99.31981999999999;345;92.05474160140734;9.969560486989067;4.205918353983909;2.6429727706404638;0.12075562314050844;9.905254091300604;0.2862348689919342
2020-05-19;147.99;72.74473226094912;125.84;72.88065910594642;3796;108.2452;313;100.38567953961498;8.33093793820764;4.721741225032899;2.6445121058908057;0.12438728200824285;8.245521601685985;0.21946622598018017
2020-05-20;157.69000000000003;74.06337641684065;135.17;74.18601503155853;4060;115.77332;264;106.52147659227235;6.135797052657367;4.898556817807536;2.6236816894648363;0.12065410881299349;6.502463054187192;0.15112800622308786
2020-05-21;162.79000000000002;75.88578800547651;138.87;76.0117485735733;4251;121.21978999999999;191;109.67303023372021;3.1515536414478618;4.680118059921634;2.57993484435945;0.11009452034630991;4.493060456363208;0.07413675938480033
2020-05-22;181.09;77.75960577252812;154.3;77.86004296106564;4599;131.14321999999999;348;118.51939444407206;8.846364210351851;5.201031038774248;2.5770688072205274;0.11309047703357791;7.566862361382909;0.1923540815471157
2020-05-24;183.35999999999999;79.78169830129204;156.58;79.89119465772423;4774;136.13345;175;120.60573488895977;2.0863404448877105;4.811608231941337;2.5263036214696224;0.1007877719300657;3.665689149560117;0.04370214589207605
2020-05-25;219.63;85.40925136770558;188.31;85.53603988490417;5472;156.03734;698;141.83476298609645;21.229028097136677;6.8641845697884;2.592009557494453;0.12544196947712719;12.755847953216374;0.38795738481609426
2020-05-26;226.04;87.48725518726727;193.57;87.619204060537;5630;160.5428;158;142.42644169012956;0.5916787040331144;6.079988000273584;2.5297769394339173;0.10799268206525016;2.80639431616341;0.010509390835401677
2020-05-28;278.16;89.28084615923558;237.92;89.504318839423;6463;184.29629;833;167.59343770539468;25.166996015265113;8.466219014926034;2.5931214251182837;0.13099518822413794;12.888751353860437;0.3894011452153042
2020-05-29;309.75;98.79622366827142;265.27;98.95782390044313;7402;211.07242999999997;939;195.58910325887712;27.99566555348244;10.907717663089207;2.642381832732736;0.14736176253835728;12.685760605241827;0.3782175838081929
2020-05-31;339.56999999999994;102.31699930346203;290.9;102.53661953889765;8008;228.35289;606;210.42377985873898;14.834676599861865;11.398643449707762;2.6276695786555817;0.1423407024189281;7.567432567432568;0.1852482092889843
2020-06-01;335.21000000000004;105.71583015066591;287.85;105.90441088285436;8233;234.76889;225;210.94861018414468;0.5248303254057021;10.039281324292201;2.5622326027468074;0.12193952780629419;2.7329041661605733;0.006374715479238456
2020-06-02;377.52;110.72725584913044;322.5;110.92301468982346;9149;260.88917999999995;916;236.23985129278915;25.29124110864447;11.945942576278151;2.5821384992107244;0.1305710195242994;10.012023171931359;0.27643721836970675
2020-06-03;377.78000000000003;107.97896160593021;322.96;108.19803394468381;9282;264.68175;133;232.54981805088917;-3.6900332418999824;9.99129644328713;2.5053848098565954;0.10764163373504772;1.4328808446455505;-0.039754721416720346
2020-06-04;368.65;114.85654618266257;315.7;115.06909316150059;9433;268.98761;151;229.64515783930943;-2.9046602115797384;8.379194221749746;2.4344869907697384;0.08882851925951177;1.6007632778543412;-0.030792539081731563
2020-06-05;347.02;114.19410078697348;298.13;114.34100644364408;9449;269.44386000000003;16;222.0609794729508;-7.584178366358628;6.383656061832043;2.3501003224992147;0.06755906510564126;0.16933008783998307;-0.08026434931060036
2020-06-07;417.85;120.35340549037787;357.9;120.57085971797379;10888;310.4778;1439;265.12148051281736;43.06050103986655;10.968496063848006;2.4349878812712835;0.1007393099177811;13.216385011021307;0.3954858655388184
2020-06-08;416.89;122.53259011134118;357.21;122.6942604174863;11027;314.44147000000004;139;260.67267166779766;-4.448808845019698;9.041246743369367;2.3639491399999786;0.08199189936854417;1.260542305250748;-0.04034468890015143
2020-06-09;428.3399999999999;124.85472123288496;367.0;125.09604875511222;11568;329.8684;541;270.5312045935704;9.85853292577275;9.143411514817997;2.338616913844834;0.0790405559718015;4.676694329183956;0.08522244922002722
