date,n_mean_ICU,n_std_ICU,n_mean_ICU_SUS,n_std_ICU_SUS,confirmed,confirmed_per_100k_inhabitants,growth_rate,growth_rate_EWM,growth_accel,growth_accel_EWM,growth_rate_EWM_NORM_(%),growth_accel_EWM_NORM_(%),growth_rate_NORM_(%),growth_accel_NORM_(%)
2020-03-05,0.0,0.9629500128629357,0.0,0.9629500128629357,1,0.00579,0,0.0,0.0,0.0,0.0,0.0,0.0,0.0
2020-03-06,0.0,1.358475080910411,0.0,1.358475080910411,2,0.01158,1,0.5081967213114754,0.5081967213114754,0.2710382513661202,25.40983606557377,13.55191256830601,50.0,25.40983606557377
2020-03-08,0.0,1.6623580671547102,0.0,1.6623580671547102,3,0.01738,1,0.6775349337155142,0.1693382124040388,0.23252462714379354,22.584497790517137,7.750820904793119,33.333333333333336,5.644607080134627
2020-03-12,0.30000000000000004,3.84633815098428,0.0,3.84633815098428,15,0.08688,12,3.6488579205609537,2.9713229868454394,1.0598194709002788,24.32571947040636,7.0654631393351925,80.0,19.808819912302926
2020-03-15,0.6,4.82726808575173,0.0,4.82726808575173,24,0.13901,9,4.790396315582432,1.141538395021478,1.080790632682149,19.959984648260132,4.503294302842288,37.5,4.756409979256158
2020-03-16,0.9500000000000001,5.0072314372981275,0.0,5.0072314372981275,25,0.1448,1,4.105769764425849,-0.6846265511565823,0.6804363624303925,16.423079057703397,2.7217454497215696,4.0,-2.7385062046263293
2020-03-18,3.1900000000000004,7.913611531705829,2.11,7.958840837379993,63,0.3649,38,9.436854525315598,5.331084760889748,1.637668585008695,14.979134167167617,2.599473944458246,60.317460317460316,8.462039302999601
2020-03-19,2.8600000000000003,8.05222436173491,1.45,8.082438813360554,66,0.38228,3,8.53694212612035,-0.899912399195248,1.1544237167227407,12.934760797152045,1.749126843519304,4.545454545454546,-1.3635036351443153
2020-03-21,6.77,10.725348855902455,4.11,10.771769032095337,119,0.68926,53,14.149531176695051,5.612589050574702,1.9512734818182498,11.890362333357187,1.639725614973319,44.53781512605042,4.7164613870375645
2020-03-22,12.020000000000001,13.636552483540832,8.3,13.766101976825672,186,1.07733,67,20.247798057862692,6.098266881167641,2.654702704885927,10.885912934334781,1.4272595187558748,36.02150537634409,3.2786381081546456
2020-03-23,15.379999999999999,15.139951763263296,10.49,15.25083733419052,233,1.34956,47,23.09774571634555,2.849947658482858,2.686406183663013,9.913195586414398,1.1529640273231814,20.17167381974249,1.2231535014947887
2020-03-24,20.07,17.262812515913968,13.57,17.388783625072683,305,1.76659,72,27.94718427608083,4.84943855973528,3.024979791653289,9.163011238059289,0.9917966530010783,23.60655737704918,1.5899798556509113
2020-03-25,24.37,19.67395660986546,16.83,19.801153216084884,370,2.1430700000000003,65,31.391134555480416,3.443950279399587,3.0885557315641954,8.484090420400113,0.8347447923146475,17.56756756756757,0.9307973728106992
2020-03-26,29.680000000000003,20.420641864089735,20.14,20.553905082524203,421,2.43847,51,33.10943878740067,1.7183042319202535,2.886045117573498,7.864474771354078,0.6855214055994057,12.114014251781473,0.4081482736152621
2020-03-27,33.769999999999996,22.151163022115185,22.43,22.298410778177065,493,2.8555,72,36.33857745889217,3.229138671491498,2.935621317546235,7.37090820667184,0.595460713498222,14.60446247464503,0.6549977021280928
2020-03-28,37.58,24.337479928968182,25.83,24.484975582853437,558,3.23198,65,38.60338432880434,2.264806869912171,2.8405440109617164,6.9181692345527495,0.5090580664805944,11.64874551971326,0.4058793673677725
2020-03-29,40.720000000000006,23.80649003269419,27.39,24.005975666003824,600,3.47525,42,38.85979269456821,0.2564083657638747,2.4803119488666687,6.476632115761369,0.41338532481111145,7.0,0.04273472762731245
2020-03-30,43.38999999999999,26.910624708880736,29.58,27.04820367828929,657,3.8054,57,40.1724380854277,1.3126453908594868,2.319848519176198,6.1145263448139575,0.35309718708922344,8.67579908675799,0.19979381900448812
2020-03-31,47.410000000000004,27.09581586470017,32.38,27.25763814738426,708,4.1008,51,40.925723369409845,0.7532852839821444,2.1072092584308972,5.780469402459017,0.29762842633204767,7.203389830508475,0.10639622655115034
2020-04-01,56.290000000000006,28.590652018243354,39.36,28.779433330562345,832,4.81901,124,46.497395401758595,5.571672032348751,2.572467017162375,5.588629255019062,0.30919074725509316,14.903846153846153,0.6696721192726863
2020-04-02,64.35,31.816610600455387,43.65,32.01412516532367,992,5.74575,160,53.85377242434608,7.356377022587488,3.209002893518486,5.428807704067145,0.3234881949111377,16.129032258064516,0.7415702643737386
2020-04-03,72.5,34.209259807333694,48.84,34.40825273921442,1074,6.2207,82,55.6204830818191,1.7667106574730198,3.0186288316089267,5.178815929405875,0.28106413702131533,7.635009310986964,0.16449819901983426
2020-04-04,80.25,36.909226830868796,54.52,37.14835965762856,1246,7.216939999999999,172,62.70922520909596,7.088742127276859,3.552128414404468,5.032843114694701,0.28508253727162663,13.804173354735152,0.5689199139066501
2020-04-05,84.33,39.82233025412611,57.36,40.0490747317424,1394,8.07417,148,67.75962782566484,5.050402616568874,3.7473318802971645,4.860805439430763,0.2688186427759803,10.616929698708752,0.36229574006950316
2020-04-06,86.33,41.136713050583666,58.36,41.373899509304906,1461,8.46223,67,67.71582793528091,-0.04379989038392296,3.2559991836879063,4.6348958203477695,0.22286099819903532,4.58590006844627,-0.0029979391090980806
2020-04-07,98.16,43.524735844149944,67.16,43.78398143502976,1688,9.77704,227,76.67258485245183,8.956756917170921,3.991437016409764,4.5422147424438295,0.23645953888683438,13.447867298578199,0.5306135614437749
2020-04-08,110.25,46.52977396954089,76.18,46.762885557422194,1938,11.225060000000001,250,86.1908285119634,9.518243659511569,4.701588336590798,4.447411171927937,0.24260001736794623,12.899896800825593,0.4911374437312471
2020-04-09,122.87,50.41751654680618,83.25,50.624040482240005,2216,12.83526,278,96.49063430597492,10.299805794011519,5.418412123579664,4.354270501172154,0.24451318247200649,12.545126353790614,0.4647926802351768
2020-04-10,139.33,54.443911022948626,94.99,54.674393892157106,2464,14.27169,248,104.45564257896837,7.965008272993444,5.743501144420556,4.239271208562028,0.23309663735473032,10.064935064935066,0.32325520588447415
2020-04-11,146.02,56.439245282700305,100.52,56.72334623486884,2607,15.099960000000001,143,106.44161924737422,1.9859766684058542,5.265100276161537,4.082915966527588,0.20196011799622313,5.485232067510548,0.07617862172634654
2020-04-12,161.45000000000002,57.83599841034312,110.7,58.169001298984085,2855,16.5364,248,113.59746908003088,7.155849832656656,5.505270175591321,3.9788955894932005,0.19282907795416185,8.686514886164623,0.2506427261876237
2020-04-13,179.61,61.608970954076185,123.94,61.98485058480179,3221,18.6563,366,126.1273461758753,12.529877095844427,6.395759314097564,3.9157822470001644,0.19856439969256642,11.362930766842595,0.38900580862603
2020-04-14,190.07,63.50293691609623,130.34,63.87023874207531,3410,19.75101,189,129.19516589598805,3.0678197201127517,5.97463020256115,3.7887145424043416,0.17520909684930058,5.542521994134898,0.08996538768659096
2020-04-15,202.8,67.71435511683536,139.74,68.0473826747869,3743,21.67977,333,138.97788784463734,9.782721948649282,6.455776798190624,3.7130079573774335,0.17247600315764425,8.896606999732835,0.2613604581525322
2020-04-16,209.88000000000002,70.69287129919998,142.18,70.99541994048103,3944,22.84398,201,141.908836492554,2.930948647916665,6.011019871586384,3.598094231555629,0.15240922595300163,5.096348884381339,0.0743141137909905
2020-04-17,228.41999999999996,73.65981368096958,155.6,73.9492268486639,4349,25.189770000000003,405,154.15789026872415,12.249053776170143,6.79719819011356,3.5446744140888513,0.15629335916563716,9.312485628880202,0.281652190760408
2020-04-18,230.67000000000002,76.26604014761735,157.89,76.67324683224247,4543,26.313440000000003,194,155.98671513844906,1.8288248697249117,6.1716791471161585,3.433561856448361,0.13585030039877083,4.27030596522122,0.04025588531201654
2020-04-19,229.26999999999998,78.66261057211491,156.9,78.99985001264373,4675,27.077990000000003,132,154.90050156581484,-1.0862135726342217,5.258731031763641,3.3133797126377504,0.11248622527836666,2.823529411764706,-0.02323451492265715
2020-04-20,240.48999999999998,80.60107599477288,166.8,80.94413784527669,4899,28.375420000000002,224,157.9893656093535,3.0888640435386776,4.986004722536003,3.2249309167045013,0.10177596902502557,4.5723617064707085,0.06305090923736839
2020-04-21,255.57999999999996,83.32659000595311,174.72,83.63852104156436,5306,30.7328,407,168.98375070036116,10.994385091007643,5.740666989382767,3.184767257828141,0.1081919899996752,7.670561628345269,0.20720665456101853
2020-04-22,254.25,83.43771477859845,175.42,83.75413928561827,5552,32.15765,246,172.34422288432157,3.360472183960411,5.441890430066218,3.104182688838645,0.09801675846661055,4.430835734870317,0.06052723674280279
2020-04-23,280.96999999999997,92.65730227918662,192.98,93.09551689343887,6172,35.748740000000005,620,191.65722658542225,19.313003701100683,7.182161564607383,3.105269387320516,0.11636684323731987,10.045366169799093,0.31291321615522816
2020-04-24,270.33,94.11903082069144,185.15,94.38664875196208,6282,36.385870000000004,110,188.17225908776157,-3.4849674976606764,5.844478037033519,2.995419597067201,0.09303530781651576,1.7510347023241006,-0.055475445680685714
2020-04-25,296.02,97.18783723836387,203.67,97.46720888109348,6828,39.54835,546,203.28614727551755,15.113888187755975,7.006416708357006,2.977242930221405,0.10261301564670483,7.996485061511423,0.2213516137632685
2020-04-26,298.72999999999996,99.74091721388304,204.91,100.03185725890862,7111,41.187509999999996,283,206.61982259836554,3.333675322847995,6.546193377800831,2.905636655862263,0.09205728277036748,3.979749683588806,0.04688054173601455
2020-04-27,327.90999999999997,104.31766227066328,225.33,104.67777109595029,7944,46.01232,833,232.56725036021712,25.94742776185157,8.976572171869465,2.927583715511293,0.1129981391222239,10.485901309164149,0.32662925178564417
2020-04-28,355.85,111.1464512672039,243.98,111.49274967141554,8504,49.25588,560,246.00775773137704,13.440507371159924,9.535615607535606,2.8928475744517526,0.11213094552605368,6.585136406396989,0.15804924001834342
2020-04-29,359.66999999999996,113.17245382176885,249.05,113.5018581523686,8869,51.36999,365,250.84960842325913,4.841850691882087,8.947927755282777,2.828386609801095,0.10088992846186465,4.115458338031345,0.054592972058654717
2020-04-30,387.87,114.7316794160016,268.5,115.0386381248325,9453,54.75257,584,264.29230134858085,13.442692925321722,9.51058368597736,2.7958563561682093,0.1006091577909379,6.177932931344547,0.14220557415975585
2020-05-01,408.6,118.94724565320901,280.89,119.24036710982087,10166,58.88233,713,282.2524213437098,17.960119995128935,10.568108304149895,2.776435386029016,0.1039554230193773,7.013574660633484,0.17666850280473081
2020-05-02,420.1799999999999,122.88798179930808,288.39,123.25742967751304,10546,61.08331999999999,380,286.13473880377535,3.8823174600655648,9.731461977871847,2.713206322812207,0.0922763320488512,3.603261900246539,0.03681317523293727
2020-05-03,457.21000000000004,126.47855188876409,314.12,126.93884231344947,11139,64.51801999999999,593,298.2325017840848,12.097762980309426,10.027535242469604,2.6773723115547607,0.09002186230783378,5.323637669449681,0.10860726259367472
2020-05-04,483.6599999999999,128.96331880802308,332.59,129.32091670715837,11721,67.88902,582,309.340072794435,11.107571010350227,10.162653775651604,2.6391952290285383,0.08670466492322842,4.9654466342462245,0.09476641080411422
2020-05-05,498.92,131.17531799277273,341.68,131.69579207592415,12391,71.76971,670,323.3609247470369,14.020851952601902,10.645285040202713,2.609643489202138,0.08591142797355107,5.407150351061254,0.11315351426520782
2020-05-06,547.06,137.37395453963822,376.45,137.75467645731158,13295,77.00576,904,345.78519419908736,22.424269452050453,12.118610321020228,2.6008664475298033,0.0911516383679596,6.799548702519744,0.16866693833810043
2020-05-07,560.9699999999999,142.829478053412,385.86,143.1666867710855,14156,81.99274,861,365.5569931625608,19.77179896347343,13.07580021509577,2.582346659808991,0.0923693148848246,6.082226617688613,0.1396708036413777
2020-05-08,663.3199999999999,152.00590106168826,456.28,152.43862882345724,15741,91.17319,1585,412.0695847600732,46.512591597512426,17.257468367046002,2.61781071571103,0.10963387565622261,10.069245918302522,0.2954868915412771
2020-05-09,711.7000000000002,153.91015492123574,487.64,154.49992293809984,16929,98.05419,1188,441.4923660289963,29.422781268923075,18.778791180978686,2.6079057595191464,0.11092675988527785,7.017543859649122,0.1738010589457326
2020-05-10,694.8399999999999,155.42233556319758,477.42,155.94936996320052,17062,98.82454,133,429.8603863502924,-11.631979678703885,14.976004111640108,2.5194021002830405,0.08777402480154793,0.779510022271715,-0.06817477246925265
2020-05-11,705.61,161.119414887019,486.17,161.62520519255452,17939,103.90419,877,446.6288325097624,16.76844615946999,15.200133666506163,2.4897086376596373,0.08473233550647284,4.88878978761358,0.09347480996415625
2020-05-12,698.41,167.00303047815893,479.93,167.5065290933129,18486,107.07246,547,450.3732767263536,3.744444216591205,13.767757006848129,2.436293826281259,0.07447666886751124,2.9589959969706805,0.02025556754620364
2020-05-13,691.72,164.233831066156,475.25,164.65132482511845,18728,108.47415,242,442.6387517607844,-7.734524965569221,11.07928941517111,2.363513198210083,0.05915895672346812,1.2921828278513456,-0.041299257611967226
2020-05-14,701.0299999999999,166.48476182582604,479.66,166.79220701280389,19467,112.7545,739,453.58605752022106,10.947305759436688,11.062787793541967,2.330025466277398,0.05682841626106727,3.796167873837777,0.056235196791681756
2020-05-15,690.64,171.8013902473117,475.22,172.16820057986635,19987,115.76638,520,456.02789585519946,2.4418383349783994,9.98495966867708,2.281622533923047,0.04995727056925542,2.6016910992144893,0.01221713281121929
2020-05-16,779.85,182.01772668971813,535.58,182.3532737005095,21601,125.11481,1614,498.41189760522724,42.38400175002778,14.035528643745236,2.3073556668914734,0.06497629111497262,7.4718763020230545,0.19621314638224055
2020-05-17,783.1,180.63159204985337,538.69,181.07569120802674,22238,128.80436,637,503.46254887729253,5.050651272065295,12.912251856188378,2.263974048373471,0.0580639079781832,2.864466228977426,0.02271180534250065
2020-05-18,1050.1000000000001,195.65397054984393,722.99,196.0823961805832,26665,154.44592,4427,645.8544439390367,142.3918950617442,29.099314465817347,2.422105546368036,0.10912924982492911,16.602287642977686,0.5340029816678951
2020-05-19,1082.4499999999998,196.5679007083529,747.93,197.21664404630988,27805,161.0489,1140,663.7157862562882,17.861342317251456,27.69440791959147,2.387037533739573,0.09960225829739783,4.09998201762273,0.06423787922046918
2020-05-20,1200.66,212.1838674976555,826.61,212.8388393274654,30372,175.91718,2567,732.2452996389172,68.52951338262903,32.799304897243566,2.4109222298133717,0.1079919165588159,8.451863558540762,0.22563385151662396
2020-05-21,1249.05,216.81179273668891,859.06,217.5259291893657,32089,185.86218,1717,767.5699141556094,35.32461451669212,33.114996130943894,2.3920032227729418,0.1031973452926046,5.350743245348873,0.11008325132192379
2020-05-22,1251.77,221.15950069686102,862.72,221.76615239590748,33589,194.55031,1500,793.7486748792044,26.17876072359502,32.24790053843679,2.363120887431017,0.09600732542926788,4.465747715025753,0.07793849392240025
2020-05-23,1229.4099999999996,225.15139505217238,846.98,225.75502274354693,34533,200.01803999999998,944,799.1003612010936,5.351686321889247,28.885649264656486,2.314019521041015,0.08364650990257576,2.7336171198563695,0.015497310751713568
2020-05-24,1470.43,236.6070366086505,1011.0,237.28748338824633,37912,219.58948999999998,3379,890.6840845386089,91.58372333751527,36.72336643094876,2.3493460765420155,0.09686475635932887,8.91274530491665,0.24156922171743844
2020-05-25,1500.65,241.56738196890973,1035.06,242.27851004848353,39298,227.61732,1386,908.2104775073794,17.52639296877055,34.32362207181031,2.3110857486573857,0.08734190562321317,3.5268970431065196,0.04459868942126966
2020-05-26,1522.45,241.3473551363535,1048.65,242.2031654031655,40024,231.82237,726,901.7831854973739,-6.427292010005544,29.229529950178208,2.253106100083385,0.07303000687132273,1.8139116530081951,-0.016058594868093006
2020-05-27,1657.95,245.45776521438555,1142.8,246.0924917668973,42398,245.57278,2374,953.558008972489,51.77482347511511,32.04780194572825,2.249063656239655,0.07558800402313376,5.599320722675598,0.12211619292210746
2020-05-28,1779.4400000000003,247.64151216113697,1224.41,248.33654673739537,44886,259.98348,2488,1007.3645932096027,53.806584237113725,34.76774288144295,2.2442734777204536,0.07745787747057646,5.5429309807066796,0.11987386765832048
2020-05-29,1959.69,258.9876163082129,1350.3,259.7973352461686,47953,277.7478,3067,1079.385333326177,72.0207401165743,39.42450708022489,2.250923473664165,0.08221489183205408,6.395845932475549,0.15019026988212272
2020-05-30,2167.2999999999997,270.82474274114634,1488.41,271.7756486162954,52420,303.62104,4467,1197.522361445427,118.13702811924986,49.263830199235166,2.284476080590284,0.09397907325302396,8.521556657764211,0.22536632605732518
2020-05-31,2193.2000000000007,275.7350818881021,1508.41,276.424813075524,53388,309.22778,968,1189.539055450381,-7.983305995045839,42.10777399580694,2.228101924496855,0.07887123322807922,1.8131415299318199,-0.014953371534887688
2020-06-01,1951.2700000000002,285.3662549808898,1344.31,286.14191126400584,54530,315.84234,1142,1187.8897030427333,-1.6493524076477115,36.638023390955745,2.1784150064968517,0.06718874636155464,2.094260040344764,-0.0030246697371129863
2020-06-02,2021.58,284.820223344942,1388.56,285.6639739733778,56732,328.59651,2202,1222.988415095222,35.098712052488736,36.44560609374265,2.1557294209532927,0.06424170854851345,3.881407318620884,0.06186757394854533
2020-06-03,2012.1499999999999,299.64627315748766,1385.71,300.3638042727048,59240,343.12306,2508,1267.3587437999695,44.37032870474741,37.43621164553392,2.1393631731937366,0.06319414524904443,4.233625928426739,0.07489927195264585
2020-06-04,2034.72,305.52321503819104,1401.43,306.2149572233086,60932,352.92326,1692,1281.9880118402614,14.62926804029189,34.585305354235295,2.1039650952541544,0.0567604958876047,2.7768660145736233,0.024009170945138665
2020-06-05,2066.73,301.2744468424131,1423.63,301.9961016639155,63066,365.28357,2134,1311.2763566341143,29.288344793852957,33.92317749259251,2.079212819322796,0.05378996209144786,3.38375669933086,0.046440783930886624
2020-06-06,2109.62,310.8901712499094,1451.54,311.6522853755415,64533,373.78056000000004,1467,1316.618125068267,5.341768434152755,30.35046457360027,2.0402245751294177,0.04703092150310736,2.273255543675329,0.008277576486685501
2020-06-07,2086.6499999999996,326.7223575302141,1435.95,327.3950616764111,67756,392.44844,3223,1381.8790551692603,65.26093010099316,34.71431208060155,2.0394932628390996,0.05123429966438626,4.756774307810378,0.09631756612107144
2020-06-08,2124.36,329.65722582002286,1456.12,330.29864083182895,69499,402.54405,1743,1394.2168980066294,12.33784283736918,31.91723137494011,2.0060963438418242,0.04592473470832689,2.507949754672729,0.01775254728466479
2020-06-09,2319.18,335.1637364668562,1600.79,335.94734132364295,72979,422.7005,3480,1465.3428582336442,71.12596022701473,36.81835628890535,2.007896597971532,0.05045061769674201,4.768495046520232,0.09746085891422838
2020-06-10,2255.07,347.77146704394687,1556.6,348.4627573929516,74373,430.77466,1394,1462.9145146269693,-2.4283436066748436,31.912489191811687,1.9669967792437706,0.042908702340650084,1.874336116601455,-0.0032650876079690794
