date;n_mean_ICU;n_std_ICU;n_mean_ICU_SUS;n_std_ICU_SUS;confirmed;confirmed_per_100k_inhabitants;growth_rate;growth_rate_EWM;growth_accel;growth_accel_EWM;growth_rate_EWM_NORM_(%);growth_accel_EWM_NORM_(%);growth_rate_NORM_(%);growth_accel_NORM_(%)
2020-03-22;0.0;2.4001683442642268;0.0;2.4001683442642268;6;1.6797400000000002;0;0.0;0.0;0.0;0.0;0.0;0.0;0.0
2020-03-23;0.0;2.5353261699195215;0.0;2.5353261699195215;7;1.9596900000000002;1;0.5081967213114754;0.5081967213114754;0.2710382513661202;7.259953161592506;3.871975019516003;14.285714285714286;7.259953161592506
2020-03-24;0.0;2.5530334502273564;0.0;2.5530334502273564;7;1.9596900000000002;0;0.3332139018273021;-0.17498281948417332;0.10213086358849426;4.760198597532887;1.4590123369784893;0.0;-2.499754564059619
2020-03-25;0.0;2.9232954974919263;0.0;2.9232954974919263;9;2.5196;2;0.7706239374212701;0.437410035593968;0.203406932064484;8.562488193569669;2.2600770229387113;22.22222222222222;4.860111506599645
2020-03-26;0.09;3.3813273647304176;0.0;3.3813273647304176;12;3.3594699999999995;3;1.2462080902236952;0.47558415280242505;0.27325455415223576;10.385067418530793;2.277121284601965;25.0;3.963201273353542
2020-03-27;0.13;3.419679381273494;0.0;3.419679381273494;12;3.3594699999999995;0;1.0211162856211522;-0.22509180460254297;0.1602415538153619;8.509302380176267;1.3353462817946824;0.0;-1.8757650383545246
2020-03-28;0.13;3.407581713079399;0.0;3.407581713079399;12;3.3594699999999995;0;0.8605090839960862;-0.16060720162506603;0.09420199524897649;7.170909033300718;0.7850166270748041;0.0;-1.3383933468755502
2020-03-29;0.12;3.3493611632698266;0.0;3.3493611632698266;12;3.3594699999999995;0;0.7402045484092337;-0.1203045355868525;0.05335239049330569;6.168371236743614;0.4446032541108807;0.0;-1.0025377965571043
2020-03-30;0.15;3.6203522625637556;0.0;3.6203522625637556;14;3.9193800000000003;2;0.8992290171630106;0.15902446875377696;0.07224015360510036;6.423064408307218;0.5160010971792882;14.285714285714286;1.1358890625269782
2020-03-31;0.48;4.196965233560696;0.0;4.196965233560696;19;5.31916;5;1.3724054416805682;0.4731764245175576;0.14024853037074664;7.2231865351608855;0.7381501598460349;26.31578947368421;2.490402234302935
2020-04-01;0.62;4.725658523935949;0.0;4.725658523935949;22;6.1590300000000004;3;1.5457952549929344;0.17338981331236614;0.1456299445431924;7.0263420681497015;0.6619542933781473;13.636363636363637;0.7881355150562097
2020-04-02;0.65;4.697234195876239;0.0;4.697234195876239;22;6.1590300000000004;0;1.3925049982383664;-0.15329025675456798;0.09884077385202711;6.329568173810756;0.4492762447819414;0.0;-0.6967738943389453
2020-04-03;0.72;4.784777630120022;0.0;4.784777630120022;24;6.718939999999999;2;1.448969872504325;0.05646487426595859;0.09241051748660534;6.037374468768021;0.38504382286085553;8.333333333333334;0.2352703094414941
2020-04-04;0.9100000000000001;4.8608002209388115;0.0;4.8608002209388115;26;7.278860000000001;2;1.497256062374428;0.048286189870103025;0.08588934624186195;5.75867716297857;0.3303436393917767;7.6923076923076925;0.18571611488501164
2020-04-05;0.8700000000000001;5.076382132538444;0.0;5.076382132538444;26;7.278860000000001;0;1.3729367596596087;-0.12431930271481928;0.05551469799310436;5.280525998690802;0.2135180692042475;0.0;-0.47815116428776644
2020-04-06;2.5500000000000003;7.528203737622377;1.5;7.554061921585732;52;14.55771;26;3.3189511953523247;1.946014435692716;0.3234630461438724;6.382598452600624;0.6220443195074469;50.0;3.742335453255223
2020-04-07;2.74;7.568001350716347;1.55;7.593559405472802;52;14.55771;0;3.0684056716808823;-0.25054552367144245;0.2434454622569518;5.900780137847851;0.46816435049413807;0.0;-0.481818314752774
2020-04-08;2.85;7.98431524296166;1.54;8.004854146016024;55;15.39758;3;3.0634557618960216;-0.004949909784860651;0.20931039771841217;5.569919567083676;0.38056435948802214;5.454545454545454;-0.008999835972473912
2020-04-09;2.75;8.184151535964885;1.57;8.205207880586352;59;16.5174;4;3.1286121653345944;0.06515640343857276;0.18974348966867083;5.302732483617957;0.3215991350316455;6.779661016949152;0.11043458209927587
2020-04-10;2.73;8.354795937155805;1.58;8.375333733739518;61;17.07732;2;3.052917773616619;-0.07569439171797532;0.15409668327025083;5.00478323543708;0.2526175135577883;3.278688524590164;-0.1240891667507792
2020-04-11;2.9299999999999997;8.719729921218311;1.64;8.737510509234877;61;17.07732;0;2.855050823856506;-0.1978669497601131;0.10726522545804335;4.68041118665001;0.17584463189843172;0.0;-0.32437204878707065
2020-04-12;3.09;8.330272104399311;2.39;8.363691370043094;65;18.19714;4;2.9269181427119593;0.07186731885545328;0.10259291072555396;4.50295098878763;0.15783524727008302;6.153846153846154;0.11056510593146658
2020-04-13;3.81;9.22488777955887;2.48;9.248143302601585;68;19.037010000000002;3;2.931369599928967;0.004451457217007793;0.08972879105657924;4.310837646954363;0.13195410449496947;4.411764705882353;0.006546260613246754
2020-04-14;3.2;9.202554542137205;2.38;9.227275334626691;69;19.31696;1;2.8170056009506967;-0.11436399897827032;0.06313845137045186;4.082616812972024;0.09150500198616213;1.4492753623188406;-0.16574492605546423
2020-04-15;3.19;9.64583664834029;2.55;9.666936673345111;70;19.59692;1;2.7122376560969754;-0.10476794485372132;0.04137769299408327;3.874625222995679;0.05911098999154753;1.4285714285714286;-0.1496684926481733
2020-04-16;2.59;9.511942360777187;1.65;9.5270429554373;71;19.87688;1;2.6159562976211572;-0.0962813584758182;0.023618707399423344;3.684445489607264;0.033265785069610344;1.408450704225352;-0.13560754714903972
2020-04-17;3.51;9.77477287963689;2.48;9.797743865221465;75;20.9967;4;2.6919608072565198;0.07600450963536254;0.030349872250834905;3.5892810763420266;0.040466496334446544;5.333333333333333;0.10133934618048339
2020-04-18;3.1100000000000003;9.865238584202226;2.22;9.904268389095296;75;20.9967;0;2.547407377904149;-0.1445534293523707;0.007954377976871874;3.396543170538865;0.010605837302495832;0.0;-0.19273790580316094
2020-04-19;2.94;10.245177333060594;1.58;10.26095797603024;75;20.9967;0;2.413487466440278;-0.13391991146387117;-0.010156767697877371;3.217983288587037;-0.013542356930503163;0.0;-0.17855988195182823
2020-04-20;1.99;11.249235709167268;0.79;11.256607128278219;79;22.11652;4;2.495231646045251;0.08174417960497316;0.0015438860873883554;3.158521070943356;0.0019542861865675383;5.063291139240507;0.10347364506958627
2020-04-21;1.4;11.41055961410617;0.77;11.418317332561342;81;22.67644;2;2.4701974285539388;-0.025034217491312294;-0.0018321614920507642;3.0496264550048626;-0.0022619277679639064;2.4691358024691357;-0.030906441347299127
2020-04-22;1.5399999999999998;11.348261469663026;0.81;11.355040219384449;81;22.67644;0;2.347570804845218;-0.12262662370872057;-0.017144926721022656;2.8982355615373065;-0.0211665761987934;0.0;-0.15139089346755627
2020-04-23;1.8000000000000003;11.803911053613382;0.83;11.809886373780916;86;24.076220000000003;5;2.476993918013958;0.12942311316873978;0.0014023054853474055;2.880225486062742;0.0016305877736597738;5.813953488372093;0.15049199205667416
2020-04-24;1.94;11.99359315500058;0.8;12.000261529136637;90;25.19604;4;2.550098881846991;0.07310496383303322;0.010461827225340123;2.8334432020522127;0.011624252472600138;4.444444444444445;0.08122773759225914
2020-04-25;2.07;12.59658230864967;1.65;12.606402574033;90;25.19604;0;2.429590105056535;-0.12050877679045602;-0.006063824759435109;2.6995445611739277;-0.00673758306603901;0.0;-0.13389864087828446
2020-04-26;2.25;12.472666397795907;1.55;12.486589088726637;100;27.9956;10;2.7820548426576086;0.35246473760107344;0.03912146705076684;2.7820548426576086;0.03912146705076684;10.0;0.35246473760107344
2020-04-27;5.510000000000001;15.240420969026129;4.05;15.261649036494429;159;44.513000000000005;59;5.362560165343146;2.580505322685537;0.3590821251482862;3.3726793492724183;0.22583781455867055;37.106918238993714;1.622959322443734
2020-04-28;7.29;15.643862933263877;5.62;15.683942344791614;177;49.552209999999995;18;5.934833550528322;0.5722733851851762;0.38589880136212273;3.3530133053832327;0.21802192167351567;10.169491525423728;0.32331829671478884
2020-04-29;8.43;16.162852627259365;6.35;16.203249829910817;200;55.9912;23;6.697675253250401;0.7628417027220795;0.43327601242405733;3.3488376266252002;0.21663800621202867;11.5;0.3814208513610397
2020-04-30;9.12;16.885762456500856;7.06;16.925878817283724;212;59.350669999999994;12;6.9317849340919455;0.23410968084154415;0.4082603998872221;3.269709874571672;0.1925756603241614;5.660377358490566;0.11042909473657743
2020-05-01;7.71;16.42289794060953;5.57;16.45833153049472;194;54.31146;-18;5.843929182488991;-1.0878557516029543;0.22045878169117183;3.0123346301489646;0.11363854726349064;-9.278350515463918;-0.5607503874242032
2020-05-02;8.74;16.691371266240374;6.34;16.730997422373683;213;59.630630000000004;19;6.41151538907753;0.5675862065885386;0.2640094200395704;3.010101121632643;0.12394808452561991;8.92018779342723;0.2664723974594078
2020-05-03;9.950000000000001;17.120392383165036;7.03;17.15450189756425;224;62.71014;11;6.607342756736816;0.19582736765928654;0.2554592274045249;2.9497065878289357;0.11404429794844863;4.910714285714286;0.08742293199075292
2020-05-04;10.650000000000002;17.60262391482783;7.97;17.653369896052954;241;67.46939;17;7.04630665357699;0.4389638968401739;0.27846189621717804;2.9237786944302866;0.11554435527683736;7.053941908713693;0.18214269578430453
2020-05-05;10.5;18.29219130192615;7.71;18.345848648298137;243;68.02931;2;6.835267450382305;-0.2110392031946855;0.21712356535318367;2.8128672635318126;0.0893512614622155;0.823045267489712;-0.0868474087220928
2020-05-06;11.570000000000002;18.48533595730804;8.77;18.538196931054152;263;73.62843000000001;20;7.380608697055047;0.5453412466727423;0.25823916020281834;2.8063150939372803;0.09818979475392332;7.604562737642586;0.20735408618735449
2020-05-07;13.31;19.072090587922954;10.2;19.120790762778075;284;79.5075;21;7.939659462133746;0.5590507650786991;0.2959114707472877;2.795654740187939;0.10419417984059426;7.394366197183099;0.1968488609432039
2020-05-08;12.41;19.53446891414189;9.66;19.57804575941061;285;79.78746;1;7.657281432040782;-0.28237803009296414;0.22350611580593366;2.6867654147511515;0.07842319852839777;0.3508771929824561;-0.09908001055893478
2020-05-09;13.86;19.410074547497082;10.32;19.466602013176157;296;82.86697;11;7.792160875022004;0.13487944298122212;0.21241180471378815;2.632486782102028;0.07176074483573924;3.7162162162162162;0.045567379385548015
2020-05-10;13.369999999999997;20.225579538712054;10.35;20.278105623473994;297;83.14693;1;7.52029563912735;-0.27186523589465406;0.1518007991247026;2.5320860737802526;0.05111138017666755;0.3367003367003367;-0.09153711646284649
2020-05-11;9.68;21.748378228170385;6.98;21.78787634340611;299;83.70684;2;7.301041715509786;-0.2192539236175639;0.10536776257449115;2.4418199717424036;0.03524005437273952;0.6688963210702341;-0.0733290714440013
2020-05-12;11.48;22.635533342445672;8.68;22.68005665109701;345;96.58482;46;8.826697708910988;1.5256559934012017;0.2830752362802701;2.5584631040321706;0.08205079312471597;13.333333333333334;0.44221912852208745
2020-05-13;10.310000000000002;22.975273819275955;7.95;23.01674840351493;356;99.66433;11;8.911767738695936;0.08507002978494782;0.25830367420825895;2.5033055445775103;0.07255721185625251;3.0898876404494384;0.023896075782288712
2020-05-14;12.7;24.68573885931517;9.61;24.72536355709058;382;106.94318999999999;26;9.576082115188502;0.6643143764925661;0.3090925268481847;2.5068277788451576;0.08091427404402741;6.806282722513089;0.17390428703993877
2020-05-15;14.570000000000002;24.78885443178857;11.13;24.837479824660228;415;116.18173999999999;33;10.480713354556743;0.904631239368241;0.3835830100836298;2.525473097483552;0.09242964098400719;7.951807228915663;0.21798343117307012
2020-05-16;13.62;25.118058938709517;10.43;25.16032561093924;418;117.0216;3;10.193634724664221;-0.2870786298925214;0.29970286886140507;2.438668594417278;0.07169925092378111;0.7177033492822966;-0.06867909806041182
2020-05-17;12.88;25.490421532391142;9.43;25.524629084454684;418;117.0216;0;9.80482412327977;-0.388810601384451;0.21359607656225296;2.345651704133916;0.05109953984742894;0.0;-0.09301689028336148
2020-05-18;14.74;26.247083147225595;11.1;26.288388572473853;474;132.69914;56;11.55651542034008;1.7516912970603098;0.4059412605963991;2.4380834220126752;0.08564161615957787;11.814345991561181;0.36955512596209067
2020-05-19;16.89;27.094894725796966;12.9;27.136752204381793;480;134.37888;6;11.347002052843248;-0.20951336749683236;0.3289802748891807;2.36395876100901;0.06853755726857931;1.25;-0.04364861822850674
2020-05-20;14.750000000000002;27.678634414116296;10.99;27.71347511645378;480;134.37888;0;10.92147144185257;-0.4255306109906787;0.2346351387668797;2.2753065503859515;0.04888232057643327;0.0;-0.08865221062305806
2020-05-21;12.879999999999997;27.67251201485187;9.48;27.704828481911253;480;134.37888;0;10.51403530655915;-0.4074361352934197;0.1543529426736801;2.1904240221998226;0.03215686305701669;0.0;-0.08488252818612911
2020-05-22;20.45;29.560998107149715;15.7;29.62908383819704;571;159.85487;91;13.50156188904347;2.987526582484321;0.5085895544898267;2.3645467406380862;0.08906997451660713;15.936952714535902;0.5232095591040843
2020-05-23;13.82;28.760957016150357;10.26;28.79835148901493;499;139.69804;-72;10.343214613649245;-3.1583472753942257;0.05012063447085089;2.072788499729308;0.010044215324819819;-14.428857715430862;-0.6329353257303058
2020-05-24;13.17;28.587434496839883;10.36;28.625370060684123;500;139.97799999999998;1;9.999693076398449;-0.3435215372507958;0.0009057996253653215;1.9999386152796899;0.0001811599250730643;0.2;-0.06870430745015917
2020-05-25;13.16;28.14539375988529;10.23;28.191847933382977;501;140.25795;1;9.670287034806892;-0.3294060415915574;-0.04039020205182772;1.9301970129355073;-0.008061916577211121;0.1996007984031936;-0.06574970890051046
2020-05-26;9.95;28.78440797418357;7.13;28.812761797929795;497;139.13813000000002;-4;9.172092374451623;-0.49819466035526894;-0.09762427436907145;1.8454914234309099;-0.019642711140658242;-0.8048289738430584;-0.10024037431695552
2020-05-27;9.36;28.687374092503347;7.08;28.705034964675313;498;139.41808;1;8.875513143511741;-0.2965792309398818;-0.12249688182131019;1.7822315549220364;-0.024597767433998028;0.20080321285140562;-0.05955406243772727
2020-05-28;11.88;30.928751391322972;8.68;30.959090145323437;572;160.13483;74;11.229497184674644;2.353984041162903;0.18709849840465143;1.9631988085095533;0.03270952769312088;12.937062937062937;0.41153567153197607
2020-05-29;13.35;31.778116525354204;10.47;31.81599896119859;607;169.93329;35;12.085376185315592;0.8558790006409485;0.2707043940149616;1.9910010189976264;0.0445970995082309;5.766062602965404;0.14100148280740502
2020-05-30;12.62;31.681451142027043;9.55;31.71122587451716;614;171.89298;7;11.902956184321669;-0.18242000099392364;0.21405890461500982;1.9385922124302393;0.03486301378094622;1.1400651465798046;-0.02971009788174652
2020-05-31;13.98;32.12139370160226;10.53;32.157627918323406;616;172.45289;2;11.549001417285131;-0.3539547670365373;0.14305177722556017;1.8748378924164173;0.023222691108045482;0.3246753246753247;-0.057460189453983325
2020-06-01;11.87;34.07705983606431;8.82;34.09682693551861;659;184.49099999999999;43;12.669230332335008;1.1202289150498768;0.26520707573360924;1.9224932219021256;0.04024386581693615;6.525037936267071;0.1699892132093895
2020-06-02;10.6;32.88351080447893;8.02;32.90691238673544;645;180.57161000000002;-14;11.722500709349307;-0.9467296229857016;0.11370613717250207;1.8174419704417528;0.01762885847635691;-2.1705426356589146;-0.1467797865094111
2020-06-03;11.45;33.271185686261575;8.62;33.29815906277248;649;181.69144;4;11.449245645442089;-0.273255063907218;0.06533351420013431;1.764136463088149;0.010066797257339647;0.6163328197226502;-0.04210401601035716
2020-06-04;11.87;34.237419115300845;8.98;34.25522540688891;680;190.37007;31;12.13887891445946;0.6896332690173708;0.14337447436525727;1.7851292521263913;0.02108448152430254;4.5588235294117645;0.10141665720843687
2020-06-05;6.93;35.749902691115715;4.82;35.76035713502093;688;192.60971999999998;8;11.993323094779862;-0.14555581967959696;0.1072567739914747;1.7432155661017241;0.015589647382481787;1.1627906976744187;-0.021156369139476303
2020-06-06;12.350000000000001;35.01543649491311;9.67;35.04799413560344;699;195.68923999999998;11;11.95849132982135;-0.034831764958513034;0.08949509834205326;1.710799904123226;0.012803304483841668;1.5736766809728182;-0.004983085115667101
2020-06-07;14.559999999999999;34.40896022018601;11.02;34.443811395290496;699;195.68923999999998;0;11.540330235186886;-0.4181610946344634;0.026036172612620128;1.6509771438035603;0.003724774336569403;0.0;-0.05982276031966572
2020-06-08;12.490000000000002;34.75778309758242;9.6;34.78596679493882;698;195.40928;-1;11.103008552708294;-0.4373216824785917;-0.03188507798121614;1.5906889043994692;-0.004568062748025235;-0.14326647564469913;-0.06265353617171801
2020-06-09;14.009999999999998;34.898555800630156;11.22;34.93108639836008;735;205.76765;37;12.003764390931797;0.9007558382235032;0.08469771126658042;1.6331652232560268;0.01152349813150754;5.034013605442177;0.12255181472428615
2020-06-10;18.590000000000003;34.790972633251826;14.33;34.828621516902984;769;215.28616;34;12.766916788834788;0.7631523979029904;0.1695062496147625;1.6601972417210387;0.022042425177472364;4.421326397919376;0.0992395836024695
