date,n_mean_ICU,n_std_ICU,n_mean_ICU_SUS,n_std_ICU_SUS,confirmed,confirmed_per_100k_inhabitants,growth_rate,growth_rate_EWM,growth_accel,growth_accel_EWM,growth_rate_EWM_NORM_(%),growth_accel_EWM_NORM_(%),growth_rate_NORM_(%),growth_accel_NORM_(%)
2020-03-17,0.0,1.6939583671079252,0.0,1.6939583671079252,3,0.34016,0,0.0,0.0,0.0,0.0,0.0,0.0,0.0
2020-03-18,0.0,1.6364534206569394,0.0,1.6364534206569394,3,0.34016,0,0.0,0.0,0.0,0.0,0.0,0.0,0.0
2020-03-19,0.0,1.9036912575416227,0.0,1.9036912575416227,4,0.45355,1,0.3443210318882121,0.3443210318882121,0.13039376355529927,8.608025797205302,3.259844088882482,25.0,8.608025797205302
2020-03-20,0.0,2.5729753244448386,0.0,2.5729753244448386,7,0.79371,3,1.0412434703711209,0.6969224384829087,0.3015221892561465,14.874906719587441,4.3074598465163785,42.857142857142854,9.956034835470124
2020-03-21,0.04,3.298517573368101,0.0,3.298517573368101,11,1.24726,4,1.672423530618359,0.6311800602472382,0.3861208133761585,15.203850278348717,3.510189212510532,36.36363636363637,5.738000547702165
2020-03-22,0.0,3.2330365374559653,0.0,3.2330365374559653,11,1.24726,0,1.3703481119785477,-0.30207541863981135,0.23005441571050017,12.457710108895888,2.0914037791863653,0.0,-2.7461401694528305
2020-03-23,0.38,4.087708355051715,0.0,4.087708355051715,17,1.9275799999999998,6,2.0985271104958607,0.728178998517313,0.3325822485346316,12.344277120563888,1.9563661678507742,35.294117647058826,4.283405873631254
2020-03-24,0.24000000000000002,4.42501246930846,0.0,4.42501246930846,21,2.3811299999999997,4,2.364364876949732,0.26583776645387136,0.31987174642545474,11.258880366427295,1.5231987925021653,19.047619047619047,1.265894125970816
2020-03-25,0.48,4.766537400239171,0.0,4.766537400239171,23,2.6079,2,2.3183709571302082,-0.04599391981952383,0.2544771393681329,10.07987372665308,1.1064223450788386,8.695652173913043,-0.1999735644327123
2020-03-26,0.42,4.662246824712893,0.0,4.662246824712893,23,2.6079,0,2.0508606560693825,-0.26751030106082574,0.16593559027147076,8.916785461171228,0.7214590881368295,0.0,-1.163088265481851
2020-03-27,0.53,4.820622052152292,0.0,4.820622052152292,25,2.83468,2,2.0454424027238316,-0.005418253345550905,0.13811150138003958,8.181769610895326,0.5524460055201583,8.0,-0.02167301338220362
2020-03-28,0.49,4.931817437043187,0.0,4.931817437043187,25,2.83468,0,1.8426041613219004,-0.20283824140193119,0.08474356022759914,7.370416645287602,0.33897424091039663,0.0,-0.8113529656077247
2020-03-29,0.8600000000000001,5.591863497416347,0.0,5.591863497416347,34,3.8551599999999997,9,2.5078630604580443,0.6652588991361439,0.17283283950437128,7.376067824876601,0.5083318808952096,26.470588235294116,1.9566438209886585
2020-03-30,1.1400000000000001,6.163982380562,0.91,6.170622236685599,41,4.64887,7,2.9015042905138904,0.39364123005584606,0.2054662960315098,7.076839732960709,0.5011373073939264,17.073170731707318,0.9601005611118195
2020-03-31,1.08,6.248014634160749,0.94,6.252526438863484,42,4.7622599999999995,1,2.743619681831099,-0.15788460868279142,0.15296295719962794,6.532427813883568,0.3641975171419713,2.380952380952381,-0.3759157349590272
2020-04-01,1.54,6.667387082287221,0.97,6.669568989451305,43,4.87564,1,2.6058399945786146,-0.13777968725248435,0.11175479950227521,6.060093010647941,0.25989488256343074,2.3255813953488373,-0.32041787733135896
2020-04-02,1.31,6.738030539820636,0.97,6.740189578606493,45,5.1024199999999995,2,2.560105517098089,-0.045734477480525726,0.08980057774506979,5.689123371329087,0.19955683943348845,4.444444444444445,-0.10163217217894606
2020-04-03,1.3599999999999999,7.017299402839451,0.97,7.019372543831174,46,5.2158,1,2.447214562667813,-0.11289095443027586,0.061946240221195756,5.320031657973507,0.13466573961129513,2.1739130434782608,-0.24541511832668664
2020-04-04,1.21,7.136449970525835,0.95,7.139777180123914,46,5.2158,0,2.2769591781824605,-0.1702553844853525,0.03042808588678619,4.9499112569183925,0.06614801279736128,0.0,-0.3701204010551141
2020-04-05,1.1,7.491764771663577,0.97,7.493706652514455,48,5.44258,2,2.2583839251707083,-0.018575253011752224,0.023847214590394645,4.704966510772309,0.04968169706332218,4.166666666666667,-0.0386984437744838
2020-04-06,1.1,8.031838286633157,0.98,8.033058338056946,50,5.66935,2,2.2416374410097517,-0.016746484160956587,0.018445911978112087,4.483274882019503,0.03689182395622417,4.0,-0.033492968321913175
2020-04-07,1.26,8.098799262541919,0.96,8.101169637462823,50,5.66935,0,2.100932092608174,-0.1407053484015779,-0.002561114988614531,4.201864185216348,-0.005122229977229062,0.0,-0.2814106968031558
2020-04-08,1.5799999999999998,8.766735337903643,0.99,8.76729995408213,58,6.57645,8,2.460247651687133,0.3593155590789592,0.04487271316648255,4.241806296012298,0.07736674683876302,13.793103448275861,0.6195095846188952
2020-04-09,1.8499999999999999,8.976178744236595,0.95,8.978824246441448,62,7.03,4,2.551422451164001,0.09117479947686791,0.05090520555859158,4.115197501877421,0.08210517025579286,6.451612903225806,0.14705612818849662
2020-04-10,1.6099999999999999,9.600283508019096,0.98,9.601304256940484,70,7.9370899999999995,8,2.8655856391415173,0.3141631879775164,0.08502358028935579,4.093693770202167,0.12146225755622254,11.428571428571429,0.4488045542535949
2020-04-11,1.75,9.488727123499887,0.98,9.489759871790351,72,8.16387,2,2.816912628758323,-0.04867301038319427,0.06777577999975337,3.9123786510532264,0.09413302777743524,2.7777777777777777,-0.06760140330999204
2020-04-12,1.72,10.298330746369345,0.91,10.302306351570808,77,8.7308,5,2.9367964769758266,0.11988384821750353,0.07447125820742785,3.8140213986699045,0.0967159197499063,6.4935064935064934,0.15569330937338122
2020-04-13,2.0,11.246416803101818,1.85,11.252972536582986,90,10.204830000000001,13,3.477172315882082,0.5403758389062556,0.13412801296054971,3.863524795424536,0.1490311255117219,14.444444444444445,0.6004175987847284
2020-04-14,2.56,11.422248005316183,1.89,11.426532697846252,99,11.22532,9,3.7675132330446126,0.2903409171625304,0.1540695730235476,3.8055689222672857,0.15562583133691676,9.090909090909092,0.2932736536995257
2020-04-15,2.67,11.567236864820773,1.9,11.571126508982118,101,11.45209,2,3.6764430926455445,-0.09107014039906813,0.12285885104562173,3.6400426659856877,0.12164242677784329,1.9801980198019802,-0.09016845584066152
2020-04-16,3.18,12.18471645757566,2.86,12.191296696886479,115,13.03951,14,4.198304268049981,0.5218611754044362,0.17354158043424775,3.6506993635217224,0.15090572211673717,12.173913043478262,0.45379232643864015
2020-04-17,3.5900000000000003,12.96656348794347,2.9,12.970033488270905,135,15.30725,20,4.982738975204491,0.7844347071545101,0.25098273839628077,3.6909177594107336,0.1859131395528006,14.814814814814815,0.5810627460403779
2020-04-18,4.01,13.408112612831973,3.8,13.414823287631627,142,16.10096,7,5.081169577001483,0.09843060179699226,0.23167825767038058,3.5782884345080865,0.16315370258477505,4.929577464788732,0.06931732520914947
2020-04-19,5.29,14.100365601678918,4.83,14.106785959282506,163,18.48209,21,5.845280460143817,0.764110883142334,0.29895030945617385,3.586061631990072,0.18340509782587353,12.883435582822086,0.46877968290940736
2020-04-20,5.76,14.568415538868027,4.75,14.576221434690522,176,19.956120000000002,13,6.183387545388434,0.33810708524461663,0.3038910460007471,3.5132883780616098,0.17266536704587906,7.386363636363637,0.19210629843444124
2020-04-21,6.99,15.745506108927163,5.74,15.75224944654771,195,22.11047,19,6.780106086185893,0.5967185407974593,0.3407960437931832,3.47697748009533,0.17476720194522213,9.743589743589743,0.3060095081012612
2020-04-22,7.030000000000001,16.216325637200224,6.6,16.22680551346189,214,24.26483,19,7.341021309945747,0.5609152237598538,0.36850908585326614,3.4303837896942744,0.1722005074080683,8.878504672897197,0.26210991764479147
2020-04-23,7.34,16.362231207907133,6.66,16.37153047521856,227,25.73886,13,7.597282303787784,0.25626099384203727,0.3543897418493647,3.3468203981443985,0.1561188290085307,5.726872246696035,0.11289030565728514
2020-04-24,7.569999999999999,17.41936484827078,6.7,17.427113120570823,234,26.53257,7,7.570582778120905,-0.02669952566687872,0.306491382189545,3.2352917855217544,0.1309792231579252,2.9914529914529915,-0.011410053703794325
2020-04-25,8.819999999999999,17.686249581028317,7.54,17.70005153219686,258,29.253859999999996,24,8.295978864919343,0.7253960867984377,0.3591064888548602,3.215495684077265,0.13918856157165124,9.30232558139535,0.2811612739528828
2020-04-26,9.479999999999999,17.993414620270652,8.67,18.003446050602914,279,31.63498,21,8.85029707746678,0.5543182125474377,0.38361065423252205,3.1721494901314626,0.13749485814785736,7.526881720430108,0.1986803629202286
2020-04-27,10.23,19.502682307101175,9.48,19.51676759024704,301,34.1295,22,9.417608556942298,0.5673114794755172,0.4066577765013127,3.1287736069575742,0.13510225132933976,7.308970099667774,0.1884755745765838
2020-04-28,9.41,19.034581474757776,8.59,19.041984978441505,317,35.943690000000004,16,9.698531889697653,0.2809233327553553,0.3908903761758995,3.0594737822390075,0.12330926693246042,5.047318611987381,0.08861934787235183
2020-04-29,10.51,20.438052522417365,9.53,20.44805836526028,354,40.13901,37,10.851688252948703,1.1531563632510498,0.48644190683593336,3.065448659025057,0.13741296803274955,10.451977401129943,0.3257503850991666
2020-04-30,13.41,22.20272685500544,12.39,22.214836929358267,404,45.80836,50,12.488891277790367,1.6372030248416642,0.6306413096288269,3.0913097222253385,0.1560993340665413,12.376237623762377,0.4052482734756595
2020-05-01,16.240000000000002,23.90888153305412,15.23,23.92178329810753,487,55.21949,83,15.40977218364392,2.9208809058535525,0.9175379904182034,3.16422426768869,0.18840615819675635,17.04312114989733,0.5997702065407705
2020-05-02,18.52,25.689213670135935,17.39,25.70084821537801,553,62.703030000000005,66,17.486407250302438,2.0766350666585183,1.062698164758315,3.1620989602716887,0.19216965004671155,11.934900542495479,0.37552171187314975
2020-05-03,22.089999999999996,27.974999029616974,20.97,27.990170966020745,658,74.60866999999999,105,21.047376785170542,3.5609695348681036,1.3754969014287757,3.1986894810289574,0.20904208228400847,15.957446808510639,0.5411807803750918
2020-05-04,26.12,29.172175860645783,24.9,29.189139152164877,733,83.1127,75,23.224377217197567,2.1770004320270253,1.4758293321350155,3.168400711759559,0.20134097300614126,10.231923601637108,0.2969986946830867
2020-05-05,27.62,31.512974175950795,25.64,31.534710105122922,817,92.63721,84,25.657002022250868,2.432624805053301,1.5955796628213532,3.140391924388111,0.1952973883502268,10.281517747858016,0.297750894131371
2020-05-06,34.06,32.922526229518496,32.15,32.94875162025617,943,106.92398,126,29.642403792806885,3.9854017705560167,1.8946371615559108,3.143415036352798,0.20091592381292797,13.361611876988334,0.42263009231771126
2020-05-07,34.510000000000005,34.574266646472985,32.41,34.595112575932085,1014,114.97446000000001,71,31.272873121265764,1.6304693284588794,1.8615842943736782,3.0841097752727578,0.1835881947114081,7.001972386587771,0.1607957917612307
2020-05-08,42.910000000000004,37.03548209951417,40.16,37.058620243385135,1177,133.45655,163,36.42909582116653,5.156222699900763,2.273762040665788,3.095080358637768,0.19318284117806186,13.848768054375531,0.4380817926848566
2020-05-09,49.349999999999994,39.20836517887478,46.67,39.234385429110525,1335,151.3717,158,41.15523122091069,4.726135399744166,2.580535306620472,3.082788855498928,0.1932985248404848,11.835205992509364,0.3540176329396379
2020-05-10,53.62,40.271404221603675,50.39,40.301661231018734,1447,164.07105,112,43.89125477164812,2.7360235507374284,2.5999839070190784,3.033258795552738,0.17968098873663294,7.74015203870076,0.18908248450155
2020-05-11,50.66,41.38583508224216,47.62,41.41186962037027,1460,165.54508,13,42.70577704042299,-1.1854777312251343,2.1265334546888544,2.92505322194678,0.14565297634855168,0.8904109589041096,-0.08119710487843386
2020-05-12,59.74999999999999,43.17405301260647,56.13,43.201295739078866,1590,180.2854,130,46.03539598823353,3.3296189478105447,2.276993594034219,2.8953079237882724,0.1432071442788817,8.176100628930818,0.20940999671764432
2020-05-13,60.73,44.20273830587166,57.19,44.23546059144602,1694,192.07765,104,48.233376414932735,2.1979804266992033,2.267112669882297,2.847306754128261,0.1338319167581049,6.139315230224321,0.1297509106670132
2020-05-14,60.279999999999994,45.46471319006143,56.94,45.495895918802894,1740,197.29345,46,48.149164966176976,-0.08421144875575948,1.9730857609480308,2.7671933888607456,0.11339573338781786,2.6436781609195403,-0.004839738434239051
2020-05-15,59.410000000000004,47.370225241114696,56.59,47.38987380647832,1785,202.39587,45,48.03106627491677,-0.118098691260208,1.711601022301277,2.690816037810463,0.09588801245385306,2.5210084033613445,-0.006616173179843586
2020-05-16,61.29,47.688158229832446,58.19,47.71387990253503,1867,211.69361,82,49.298310450820466,1.2672441759036985,1.6560403004327326,2.640509397472976,0.08870060527224063,4.392072844134976,0.06787596014481513
2020-05-17,60.61,50.789410204184186,57.12,50.811905975754236,1996,226.32053,129,52.25672583546567,2.958415384645207,1.8188785150280196,2.618072436646577,0.09112617810761621,6.462925851703407,0.1482172036395394
2020-05-18,67.96,53.97326216084061,63.99,53.999286368273694,2234,253.30665,238,59.11790767728574,6.86118184182007,2.4493064356299503,2.6462805585177143,0.10963770974171667,10.653536257833483,0.30712541816562533
2020-05-19,76.94,57.85562691438549,72.31,57.88443198008051,2482,281.42663999999996,248,66.06252678290456,6.944619105618813,3.0113297312151643,2.661665059746356,0.1213267417894909,9.991941982272362,0.27979931932388447
2020-05-20,85.25000000000001,58.854072376969256,80.87,58.88051405476634,2817,319.41129,335,75.90615453065561,9.843627747751057,3.8655122192255087,2.6945741757421233,0.13722088105166877,11.892083777067803,0.3494365547657457
2020-05-21,95.36999999999999,63.61995794949058,90.45,63.66055725089869,3103,351.83999,286,83.56273348322848,7.656578952572872,4.339466073628742,2.692965951763728,0.1398474403360858,9.216886883660973,0.24674762979609643
2020-05-22,98.28,66.90195991452,93.17,66.93066069003085,3343,379.05287999999996,240,89.24010985980118,5.6773763765726954,4.50672663524027,2.669461856410445,0.1348108475991705,7.17918037690697,0.16982878781252453
2020-05-23,117.52000000000001,72.25102458467529,111.21,72.29008544423885,3867,438.46769000000006,524,104.95490305860245,15.714793198801274,5.907894557487848,2.714116965570273,0.1527772060379583,13.550555986552883,0.40638203255239913
2020-05-24,124.34999999999998,73.27951389416866,117.99,73.31832688056689,4160,471.69009000000005,293,111.72564118290792,6.770738124305467,6.015760754146035,2.6857125284352867,0.14460963351312583,7.043269230769231,0.16275812798811218
2020-05-25,139.97000000000003,77.30997744878286,132.46,77.35050751696019,4501,510.35507,341,119.95005315149851,8.224411968590587,6.291866234967822,2.664964522361664,0.13978818562470166,7.576094201288602,0.18272410505644493
2020-05-26,143.45999999999998,78.76812086527433,136.39,78.80758062931804,4781,542.1034400000001,280,125.67061180050679,5.720558649008282,6.220447336868351,2.6285423928154525,0.13010766234821902,5.856515373352855,0.11965192740029874
2020-05-27,165.99,81.29599913745803,156.68,81.3445577513184,5251,595.39535,470,137.93501529625138,12.264403495744588,6.975992304284305,2.62683327549517,0.13285073898846514,8.950676061702532,0.23356319740515308
2020-05-28,175.61000000000004,85.73651066853702,166.58,85.7977439191507,5600,634.96743,349,145.42760023042516,7.492584934173777,7.040570155887206,2.5969214326861634,0.1257244670694144,6.232142857142857,0.13379615953881746
2020-05-29,187.46999999999997,86.35872514743899,177.59,86.40295891397997,5841,662.2937099999999,241,148.80935999836979,3.3817597679446294,6.583195476127344,2.5476692346921723,0.1127066508496378,4.126005820921075,0.05789693148338691
2020-05-30,190.06,85.09306369433932,180.67,85.15357061737862,6072,688.4861099999999,231,151.70855246527017,2.899192466900388,6.122674500629859,2.4984939470564917,0.10083456028705302,3.8043478260869565,0.04774691151021719
2020-05-31,191.76000000000002,89.06677920288664,181.27,89.12310731553158,6219,705.15401,147,151.54296240386674,-0.16559006140343513,5.336610664459965,2.4367737964924703,0.08581139515130992,2.363724071394115,-0.002662647715121967
2020-06-01,190.34,88.65640204882232,181.44,88.7006427498833,6326,717.28642,107,149.98102348876358,-1.5619389151031555,4.474262434341414,2.3708666375081187,0.07072814470979155,1.6914321846348404,-0.02469078272372993
2020-06-02,180.5,93.68436568466146,171.43,93.73860183370229,6465,733.04722,139,149.59704220921728,-0.3839812795463047,3.8669637718205228,2.313952702385418,0.05981382477680623,2.1500386697602476,-0.005939385607831472
2020-06-03,175.5,95.57872274949192,166.54,95.6292875766846,6679,757.31205,214,151.84298065975628,2.2459384505390005,3.6643302935676973,2.2734388480274936,0.054863457008050565,3.204072465938015,0.033626867054035045
2020-06-04,179.27,99.7366230163578,170.29,99.7758481332385,7021,796.0904099999999,342,158.4570711690157,6.614090509259427,4.03305878015067,2.2569017400514984,0.05744279703960504,4.871100982765988,0.0942043940928561
2020-06-05,177.64,101.67138505692711,168.08,101.7182586333149,7284,825.91121,263,162.08415483183467,3.6270836628189613,3.98231087172759,2.225208056450229,0.05467203283535956,3.6106534870950027,0.049795217776207594
2020-06-06,165.81,104.6137414491997,157.27,104.66151155033069,7525,853.2374800000001,241,164.81545983312185,2.7313050012871827,3.8259323910574037,2.190238668878696,0.05084295536288909,3.20265780730897,0.036296411977238305
2020-06-07,171.70000000000002,108.31265655359473,162.9,108.35654834709791,7983,905.16875,458,174.93886616748463,10.123406334362784,4.6131287330260555,2.191392536233053,0.057786906338795636,5.737191532005512,0.12681205479597624
2020-06-08,166.54999999999995,107.72053838005495,158.0,107.7536745957598,8127,921.49648,144,173.87299477741496,-1.065871390069674,3.9032441706992542,2.139448686814507,0.04802810595175654,1.7718715393133997,-0.013115188754394904
2020-06-09,166.57,113.86546650155246,157.86,113.89997744344011,8457,958.9142099999999,330,179.23993987224551,5.366945094830555,4.086208939255068,2.119426982053276,0.048317475928285065,3.9020929407591343,0.06346157141812174
2020-06-10,157.93,115.32591316557935,149.39,115.34827327478617,8746,991.68306,289,183.00502532650484,3.765085454259321,4.046068090317554,2.0924425488966936,0.046261926484307735,3.3043677109535787,0.043049227695624526
