date;n_mean_ICU;n_std_ICU;n_mean_ICU_SUS;n_std_ICU_SUS;confirmed;confirmed_per_100k_inhabitants;growth_rate;growth_rate_EWM;growth_accel;growth_accel_EWM;growth_rate_EWM_NORM_(%);growth_accel_EWM_NORM_(%);growth_rate_NORM_(%);growth_accel_NORM_(%)
2020-03-12;0.0;1.379430419712529;0.0;1.379430419712529;2;0.02791;0;0.0;0.0;0.0;0.0;0.0;0.0;0.0
2020-03-13;0.0;1.7103369624879556;0.0;1.7103369624879556;3;0.04187;1;0.5081967213114754;0.5081967213114754;0.2710382513661202;16.939890710382514;9.034608378870674;33.333333333333336;16.939890710382514
2020-03-14;0.0;2.1362669223756576;0.0;2.1362669223756576;5;0.06978999999999999;2;1.0218559656037263;0.5136592442922508;0.3629183906990927;20.437119312074525;7.258367813981854;40.0;10.273184885845016
2020-03-15;0.0;2.4039529735396035;0.0;2.4039529735396035;6;0.08374;1;1.0161203653949489;-0.005735600208777392;0.2515609609971284;16.935339423249147;4.192682683285473;16.666666666666668;-0.09559333681295652
2020-03-16;0.0;2.5048639552565404;0.0;2.5048639552565404;7;0.0977;1;1.0126814703391032;-0.0034388950558457143;0.18612148913490284;14.466878147701474;2.6588784162128976;14.285714285714286;-0.04912707222636735
2020-03-17;0.0;2.636495991104692;0.0;2.636495991104692;7;0.0977;0;0.8297695622601974;-0.18291190807890578;0.10243356664691308;11.85385088943139;1.4633366663844727;0.0;-2.613027258270083
2020-03-18;0.29000000000000004;3.6731349283711596;0.0;3.6731349283711596;14;0.1954;7;1.800259856011975;0.9704902937517775;0.2811036786437485;12.858998971514108;2.007883418883918;50.0;6.932073526798411
2020-03-19;0.61;4.3322878692231646;0.0;4.3322878692231646;21;0.2931;7;2.5272159507574408;0.7269560947454659;0.36600969482026824;12.034361670273526;1.7429033086679442;33.333333333333336;3.4616956892641233
2020-03-20;1.93;6.11324121737546;0.83;6.124770867699313;40;0.55829;19;4.606581874025937;2.0793659232684965;0.6722539468664923;11.516454685064843;1.6806348671662306;47.5;5.198414808171242
2020-03-21;2.46;7.350500704445964;1.57;7.369868425288244;57;0.79556;17;6.036623517644495;1.4300416436185577;0.8007928567331389;10.590567574814903;1.4048997486546297;29.82456140350877;2.508844988804487
2020-03-22;3.7399999999999998;8.126258224255043;2.37;8.157767631360477;68;0.94909;11;6.5653786165575925;0.5287550989130976;0.7566199184690419;9.654968553761165;1.1126763506897674;16.176470588235293;0.7775810278133788
2020-03-23;5.06;9.594854681736267;3.91;9.629285350618517;86;1.20031;18;7.699303722161032;1.1339251056034394;0.8156784790040927;8.952678746698874;0.9484633476791776;20.930232558139537;1.3185175646551621
2020-03-24;5.98;10.144910949920567;4.0;10.182299258115439;109;1.5213299999999998;23;9.121458454306124;1.422154732145092;0.9077071515592625;8.368310508537729;0.8327588546415252;21.10091743119266;1.3047291120597173
2020-03-25;6.930000000000001;11.220594116321664;4.67;11.25445833095633;122;1.7027700000000001;13;9.461330966078954;0.33987251177283007;0.8237863957139175;7.755189316458159;0.6752347505851783;10.655737704918034;0.27858402604330335
2020-03-26;8.84;11.763616138180671;6.27;11.821157500281634;149;2.0796099999999997;27;10.91759162825672;1.4562606621777654;0.915177418231689;7.3272427035279994;0.614213032370261;18.120805369127517;0.9773561491125943
2020-03-27;9.770000000000001;12.331734826794802;7.07;12.391803090687967;163;2.27501;14;11.161161522465088;0.2435698942083686;0.8199877056498458;6.847338357340545;0.5030599421164699;8.588957055214724;0.1494293829499194
2020-03-28;11.0;13.840501027306372;8.75;13.902768382119755;184;2.56812;21;11.903889207682237;0.7427276852171492;0.8092175525699579;6.4695050041751285;0.4397921481358466;11.41304347826087;0.4036563506614941
2020-03-29;12.670000000000002;14.249385065590541;9.38;14.303166598605875;197;2.74956;13;11.983204992512128;0.0793157848298911;0.7089127693374935;6.082845173864024;0.35985419763324544;6.598984771573604;0.04026181971060462
2020-03-30;14.11;15.087645792354602;11.08;15.155548672204366;219;3.05662;22;12.680084339066712;0.6968793465545833;0.7072793988693828;5.789992848888909;0.32295862962072275;10.045662100456621;0.3182097472851978
2020-03-31;13.819999999999997;15.19972228613923;10.36;15.268986789429007;235;3.2799300000000002;16;12.902746298797425;0.22266195973071312;0.6421980173422647;5.490530339913797;0.27327575206053817;6.808510638297872;0.0947497700981758
2020-04-01;14.67;16.120357322405116;11.0;16.189067922583444;247;3.4474199999999997;12;12.8442371381204;-0.058509160677024497;0.5489635591012614;5.200096007336194;0.22225245307743377;4.8582995951417;-0.02368791930243907
2020-04-02;16.81;17.227396756036562;12.76;17.32528784724511;281;3.92196;34;14.172163291442075;1.327926153321675;0.6517820236476332;5.04347448094024;0.23195089809524314;12.099644128113878;0.472571584811984
2020-04-03;17.37;18.73694495003404;13.43;18.811650806364817;301;4.2011;20;14.527140117956046;0.3549768265139708;0.6128775909354298;4.826292397992042;0.20361381758652153;6.644518272425249;0.11793250050298032
2020-04-04;19.39;20.557071112570313;15.14;20.634281492876674;356;4.96874;55;16.923697517621026;2.39655739966498;0.8452652808548378;4.753847617309277;0.23743406765585331;15.44943820224719;0.6731902808047696
2020-04-05;20.79;20.802843361405955;15.93;20.86440490211;379;5.28976;23;17.274055118640707;0.35035760101968094;0.7811249819639993;4.557798184337917;0.20610157835461723;6.068601583113456;0.09244263879147255
2020-04-06;21.32;22.781609276171014;16.78;22.84454685941748;417;5.820130000000001;38;18.439502053980846;1.1654469353401389;0.8307052163244744;4.421942938604519;0.1992098840106653;9.112709832134293;0.2794836775396016
2020-04-07;22.47;23.519984431898923;17.27;23.605227549777354;457;6.378419999999999;40;19.623492899837014;1.1839908458561688;0.8760996497494359;4.293980940883373;0.1917067067285418;8.752735229759299;0.259078959705945
2020-04-08;24.970000000000002;24.2503450147278;19.03;24.324644567461483;501;6.99253;44;20.932467268060496;1.3089743682234811;0.9315270956013281;4.178137179253592;0.18593355201623316;8.782435129740518;0.26127232898672276
2020-04-09;35.85999999999999;27.787354656171914;28.05;27.880182545813415;693;9.6723;192;29.925669155012944;8.993201886952448;1.9606506041958616;4.318278377346745;0.2829221651076279;27.705627705627705;1.2977203300075684
2020-04-10;36.3;28.93629261503675;28.68;29.02148566670959;717;10.00727;24;29.62035233372053;-0.3053168212924149;1.6721519421858144;4.131150953099097;0.233215054698161;3.3472803347280333;-0.042582541323907236
2020-04-11;36.17000000000001;30.300064389703895;28.63;30.387283557768075;732;10.21663;15;28.88128591289546;-0.7390664208250683;1.3658701981239225;3.9455308624174124;0.1865942893611916;2.0491803278688523;-0.10096535803621152
2020-04-12;36.26;31.252372968490185;28.59;31.317929627636882;776;10.83075;44;29.631815745810236;0.7505298329147756;1.2878652765782959;3.818532956934309;0.16596202017761547;5.670103092783505;0.09671776197355356
2020-04-13;38.830000000000005;32.260786513422865;30.16;32.365919521383084;826;11.5286;50;30.62566463745536;0.993848891645122;1.250659415273645;3.7077075832270405;0.15141155148591343;6.053268765133172;0.12032068906115279
2020-04-14;42.99999999999999;32.767489153954806;33.33;32.90029552229806;853;11.90545;27;30.451631135339433;-0.1740335021159254;1.070651633758512;3.569945033451282;0.12551601802561688;3.1652989449003517;-0.020402520763883398
2020-04-15;42.23;33.66941457432514;33.68;33.76813701964883;884;12.33812;31;30.477545134824172;0.02591399948473949;0.9388283846474103;3.4476861012244537;0.1062023059555894;3.506787330316742;0.0029314479055135173
2020-04-16;42.89;34.65209368811208;33.76;34.76650682725685;926;12.92432;42;31.014010014128406;0.5364648793042335;0.8881185826639747;3.349245141914515;0.0959091341969735;4.535637149028077;0.05793357227907489
2020-04-17;43.52;35.623346787796855;34.45;35.703085810103815;962;13.426779999999999;36;31.242875968965212;0.22886595483680594;0.8051185651009395;3.2477002046741386;0.08369215853440119;3.7422037422037424;0.023790639795925772
2020-04-18;42.779999999999994;36.89376780745365;33.51;36.984321043251605;975;13.608220000000001;13;30.41676620916698;-0.8261097597982321;0.5999313458308313;3.1196683291453313;0.06153142008521347;1.3333333333333333;-0.084729206133152
2020-04-19;42.589999999999996;37.215490787378506;33.34;37.308673985354325;1025;14.30608;50;31.292169766116533;0.8754035569495535;0.6345549056346715;3.0528946113284423;0.06190779567167527;4.878048780487805;0.08540522506824913
2020-04-20;42.28;39.13419951547715;33.55;39.23509999626829;1063;14.83645;38;31.58833570656678;0.2961659404502477;0.5920527057270172;2.9716214211257554;0.05569639752841178;3.574788334901223;0.027861330239910415
2020-04-21;43.629999999999995;38.824902102031416;33.59;38.93115620210018;1091;15.22725;28;31.43176482135378;-0.1565708852130001;0.49808090971489694;2.881005024872024;0.045653612256177534;2.5664527956003664;-0.014351135216590294
2020-04-22;40.029999999999994;39.406928952849775;31.65;39.507132893883224;1115;15.562220000000002;24;31.11113966953445;-0.32062515181933193;0.3953659726566657;2.7902367416622824;0.03545883162840051;2.1524663677130045;-0.028755618997249502
2020-04-23;33.730000000000004;41.69692187607371;26.24;41.74991849021258;1170;16.32986;55;32.130668562310866;1.0195288927764175;0.4736374974402112;2.746210988231698;0.04048183738805224;4.700854700854701;0.087139221604822
2020-04-24;32.029999999999994;43.37750179086114;25.7;43.424159883826896;1209;16.87419;39;32.42081461697166;0.290146054660795;0.45063648661475675;2.6816223835377717;0.03727348938087318;3.225806451612903;0.023998846539354426
2020-04-25;32.26;44.07391239197348;25.24;44.1453525700651;1235;17.23708;26;32.15229276650782;-0.26852185046384136;0.360520300815935;2.603424515506706;0.029191927191573683;2.1052631578947367;-0.021742659956586346
2020-04-26;38.37;45.59139180887887;29.57;45.662896393797745;1337;18.66071;102;35.045692658710834;2.893399892203014;0.6778123207451904;2.6212185982581024;0.0506965086570823;7.6290201944652205;0.21640986478706162
2020-04-27;43.419999999999995;47.10325888916602;34.63;47.191631652018536;1476;20.60075;139;39.312824262441715;4.267131603730881;1.1273227401576393;2.663470478485211;0.07637687941447421;9.417344173441734;0.28910105716333884
2020-04-28;74.46999999999998;53.51360475560766;59.04;53.61682845841774;1995;27.844509999999996;519;58.831522620009395;19.51869835756768;3.4300345782655075;2.9489485022561097;0.17193155780779487;26.015037593984964;0.9783808700535178
2020-04-29;80.05;54.2447405354434;64.06;54.361275516286184;2085;29.10065;90;60.089177663985346;1.2576550439759515;3.1580955152783825;2.8819749479129664;0.1514674108047186;4.316546762589928;0.06031918676143652
2020-04-30;98.94999999999999;56.66489958920378;77.72;56.77792216570228;2394;33.41341;309;70.05216303436552;9.962985370380174;4.009779948887883;2.9261555152199468;0.1674928967789425;12.907268170426065;0.41616480243860376
2020-05-01;73.74;54.34112517098339;58.01;54.4292916070794;2104;29.365840000000002;-290;55.75168809372361;-14.300474940641912;1.718471733630988;2.6497950614887644;0.08167641319538917;-13.783269961977187;-0.6796803679012315
2020-05-02;89.04999999999998;58.45699048329153;71.07;58.57529202969146;2346;32.74347;242;63.09428505025587;7.342596956532262;2.422166282015005;2.689440965484052;0.10324664458716987;10.3154305200341;0.31298367248645614
2020-05-03;100.45;59.05551432954651;79.12;59.17667929790648;2519;35.15805;173;67.39634762233631;4.3020625720804375;2.6573518534580436;2.6755199532487617;0.10549233241199063;6.867804684398571;0.1707845403763572
2020-05-04;105.24999999999999;60.805498613333995;83.31;60.942945134085555;2623;36.6096;104;68.81933463086861;1.4229870085323029;2.502942194155667;2.623687938653016;0.09542288197314781;3.9649256576439194;0.05425036250599706
2020-05-05;110.09;62.06503644150102;87.14;62.195732558471;2795;39.01023;172;72.80416986000168;3.9848352291330684;2.6882986218034994;2.6048003527728687;0.09618241938474059;6.153846153846154;0.14257013342157668
2020-05-06;120.78000000000002;63.40809080707273;96.17;63.56372455888643;2917;40.713;122;74.69210097614491;1.8879311161432355;2.5881960732115594;2.5605793958225886;0.0887280107374549;4.1823791566678095;0.06472167007690215
2020-05-07;127.95;64.288091337967;101.2;64.44841881597087;3082;43.01593;165;78.13666903039095;3.4445680542460337;2.6952955672496612;2.5352585668523995;0.0874528088010922;5.353666450356911;0.11176405107871622
2020-05-08;133.07000000000002;66.17823206304244;105.89;66.33714117287462;3205;44.732659999999996;123;79.83785762693019;1.7011885965392395;2.5709783691447177;2.4910407995922057;0.08021773382666826;3.8377535101404057;0.05307920738031949
2020-05-09;142.92000000000002;67.46453092798716;112.7;67.66249281051752;3372;47.0635;167;83.12438390920632;3.286526282276128;2.6604557574063823;2.465135940367922;0.07889845069413945;4.952550415183867;0.09746519223831934
2020-05-10;137.97000000000003;67.14981554913483;108.8;67.3357091615053;3429;47.85906;57;82.14467799262421;-0.9797059165821054;2.2052846590608093;2.3955869930774045;0.06431276346050771;1.6622922134733158;-0.028571184502248624
2020-05-11;138.31;69.46675239190895;109.46;69.62297097854119;3529;49.25477;100;82.81078818041688;0.6661101877926683;2.0128320269058455;2.3465794327122946;0.05703689506675674;2.8336639274582036;0.01887532410860494
2020-05-12;116.53;75.91029708168915;92.85;76.01947581396693;3733;52.10203;204;87.30916243983397;4.498374259417091;2.3236036812085348;2.338847105272809;0.062244941902184166;5.4647736405036165;0.12050292685285537
2020-05-13;117.13000000000001;76.06830072209762;92.93;76.17986265902215;3828;53.42796;95;87.59325474548298;0.2840923056490112;2.0686081301265284;2.2882250455977786;0.05403887487268883;2.4817136886102404;0.007421429092189426
2020-05-14;127.96000000000001;80.39802566800464;101.18;80.50534225325131;4332;60.46236;504;102.90326218579823;15.310007440315246;3.724104738439312;2.375421564769119;0.08596733006554275;11.634349030470915;0.35341660757883764
2020-05-15;166.06;81.53106783442875;132.02;81.68913405234642;4562;63.672509999999996;230;107.55524675317977;4.651984567381547;3.8401094412409535;2.357633642112665;0.0841760070416693;5.041648399824639;0.10197248065281778
2020-05-16;153.39;82.56715096932872;122.33;82.68503806125943;4678;65.29153000000001;116;107.8630040786018;0.30775732542203116;3.398499726045156;2.305750407836721;0.07264856190776307;2.4796921761436512;0.006578822689654364
2020-05-17;148.17;84.43587581260957;117.87;84.55796960808854;4776;66.65933000000001;98;107.50505876541206;-0.3579453131897452;2.928882962094139;2.2509434414868523;0.06132502014434964;2.0519262981574538;-0.00749466736159433
2020-05-18;168.72;88.51745348640104;132.75;88.68915983206274;5175;72.22824;399;118.04140957394938;10.536350808537321;3.8799247725185224;2.280993421718829;0.07497439173948835;7.7101449275362315;0.20360098180748448
2020-05-19;175.89000000000001;89.90989895613848;139.87;90.03190007049186;5413;75.55004;238;122.3606298819839;4.319220308034517;3.9348421879659137;2.2604956564194327;0.07269244758850756;4.396822464437466;0.07979346587907846
2020-05-20;169.19000000000003;90.71231086475662;134.23;90.88047338358356;5499;76.75035;86;121.05632005366398;-1.3043098283199157;3.279891067981664;2.20142425993206;0.059645227641055905;1.563920712856883;-0.023719036703399084
2020-05-21;161.92000000000002;93.62933152176257;127.78;93.73005559164105;5610;78.2996;111;120.69688370399349;-0.35943634967048865;2.824940424266046;2.151459602566729;0.05035544428281722;1.9786096256684491;-0.006407065056514949
2020-05-22;217.13;98.60980258912736;173.27;98.78638705138815;6458;90.13526;848;146.60213369909047;25.90524999509698;5.710171766825272;2.270085687505272;0.08842012646059573;13.131000309693404;0.4011342520145088
2020-05-23;216.92;97.96461115312937;171.93;98.12629687491442;6607;92.21486999999999;149;146.68725543041685;0.08512173132638168;5.006999430570567;2.2201794374211725;0.07578325156002069;2.2551838958680186;0.001288356762923894
2020-05-24;217.33;101.28354293614026;171.94;101.48582398392875;6696;93.45706;89;144.6460339061266;-2.0412215242902505;4.125926770251878;2.160185691549083;0.06161778330722638;1.3291517323775388;-0.030484192417715807
2020-05-25;212.59;100.77019666728668;168.43;100.96087180865484;6875;95.95539000000001;179;145.8578356356853;1.2118017295586867;3.7616448456442;2.1215685183372406;0.054714834118461085;2.6036363636363635;0.01762620697539908
2020-05-26;212.92000000000002;105.79687754839412;168.51;105.95767645144876;7016;97.92334;141;145.68699559362688;-0.17084004205841552;3.2700649946354936;2.0764965164428;0.04660868008317408;2.009692132269099;-0.0024350063007185794
2020-05-27;231.24999999999997;104.93042219499644;182.36;105.14097156684544;7372;102.89209;356;153.06180966540177;7.3748140717748925;3.783176201698252;2.0762589482555853;0.05131817962151725;4.829083016820402;0.1000381724331917
2020-05-28;243.9;109.8818296115781;192.61;110.0942068357272;8000;111.65718000000001;628;169.66931207323213;16.607502407830367;5.386265015553432;2.1208664009154017;0.0673283126944179;7.85;0.20759378009787957
2020-05-29;263.99;114.00180877087128;208.79;114.1665375801084;8530;119.05446;530;182.23520306154504;12.565890988312901;6.283741794179223;2.1364033184237403;0.07366637507830273;6.213364595545134;0.1473140795816284
2020-05-30;273.13000000000005;114.43850184286933;217.93;114.66610573330031;8780;122.54375;250;184.5922157127087;2.3570126511636715;5.792889389830199;2.1024170354522633;0.06597823906412527;2.847380410022779;0.02684524659639717
2020-05-31;280.86;116.52274145748407;222.49;116.76702949363607;9037;126.13073999999999;257;187.10438075711787;2.5121650444091586;5.382790613981426;2.0704258134017692;0.059563910744510624;2.8438641141971894;0.027798661551501146
2020-06-01;284.61999999999995;123.09305410004566;224.52;123.29837617615557;9498;132.56498;461;196.58400393133076;9.47962317421289;5.894903679528919;2.0697410394960074;0.062064683928499884;4.85365340071594;0.09980651899571373
2020-06-02;276.8;121.70529870689006;218.85;121.87931421423956;9660;134.82603999999998;162;195.38984845414635;-1.1941554771844096;5.008757665046951;2.022669238655759;0.05185049342698707;1.6770186335403727;-0.012361857941867595
2020-06-03;303.92;121.81723895685171;241.41;122.03213350208506;10034;140.04601;374;201.5431266472822;6.153278193135861;5.1518246551060285;2.0086020196061614;0.05134367804570488;3.727327087901136;0.06132427938146164
2020-06-04;332.65000000000003;124.37804239210767;264.18;124.60812585579214;10532;146.99667;498;211.73398222669232;10.190855579410112;5.781710932835931;2.010387222053668;0.054896609692707286;4.72844663881504;0.09676087713074547
2020-06-05;287.12;132.20975823946344;228.82;132.40131333841583;10846;151.37922;314;215.242000494313;3.5080182676206846;5.497496423249542;1.98452886312293;0.05068685619813334;2.895076525908169;0.032343889614795174
2020-06-06;306.19000000000005;131.39712543555615;243.0;131.587478783991;11285;157.5064;439;222.9018798486536;7.659879354340603;5.767796724906063;1.9752049609982598;0.051110294416535786;3.890119627824546;0.06787664469951797
2020-06-07;323.06;134.1053606141624;257.26;134.31478007075222;11565;161.41441;280;224.8526601698192;1.9507803211655812;5.290665913067874;1.9442512768683025;0.045747219308844574;2.4210981409424988;0.016867966460575715
2020-06-08;331.6;136.3627959051541;263.16;136.63435331961983;11742;163.88482;177;223.22086710334807;-1.6317930664711184;4.42535257178301;1.9010463899109868;0.03768823515400281;1.5074092999489013;-0.013897062395427682
2020-06-09;347.21999999999997;139.61439285012523;277.05;139.79136665369967;12192;170.16554;450;230.93989702633394;7.719029922985868;4.8370647256379735;1.8941920687855474;0.03967408731658443;3.690944881889764;0.06331225330533029
2020-06-10;349.98;142.94214012047752;277.94;143.15610997167474;12594;175.77631;402;236.75203859021283;5.812141563878896;4.9589499741187755;1.8798796140242404;0.03937549606255976;3.191996188661267;0.04615008388025168
