date;n_mean_ICU;n_std_ICU;n_mean_ICU_SUS;n_std_ICU_SUS;confirmed;confirmed_per_100k_inhabitants;growth_rate;growth_rate_EWM;growth_accel;growth_accel_EWM;growth_rate_EWM_NORM_(%);growth_accel_EWM_NORM_(%);growth_rate_NORM_(%);growth_accel_NORM_(%)
2020-03-07;0.0;0.9677632234000506;0.0;0.9677632234000506;1;0.03316;0;0.0;0.0;0.0;0.0;0.0;0.0;0.0
2020-03-08;0.0;0.9629500128629352;0.0;0.9629500128629352;1;0.03316;0;0.0;0.0;0.0;0.0;0.0;0.0;0.0
2020-03-09;0.0;0.9612702034497919;0.0;0.9612702034497919;1;0.03316;0;0.0;0.0;0.0;0.0;0.0;0.0;0.0
2020-03-10;0.0;0.9645221771960616;0.0;0.9645221771960616;1;0.03316;0;0.0;0.0;0.0;0.0;0.0;0.0;0.0
2020-03-11;0.0;1.3370403014407488;0.0;1.3370403014407488;2;0.06633;1;0.21332612329761652;0.21332612329761652;0.05474492832698686;10.666306164880826;2.737246416349343;50.0;10.666306164880826
2020-03-12;0.0;1.406478516786453;0.0;1.406478516786453;2;0.06633;0;0.1747948680131914;-0.03853125528442511;0.033592127298724656;8.73974340065957;1.6796063649362327;0.0;-1.9265627642212555
2020-03-13;0.0;1.3480251174112885;0.0;1.3480251174112885;2;0.06633;0;0.14730209857514034;-0.027492769438051068;0.02101916403435911;7.365104928757018;1.0509582017179555;0.0;-1.3746384719025535
2020-03-14;0.0;2.8145365802590243;0.0;2.8145365802590243;8;0.26532;6;0.9655457592826969;0.8182436607075566;0.17283881010174665;12.069321991033712;2.160485126271833;75.0;10.228045758844457
2020-03-15;0.27;3.63817511698079;0.0;3.63817511698079;14;0.4643;6;1.6010468718516735;0.6355011125689766;0.2555347891494815;11.43604908465481;1.8252484939248679;42.857142857142854;4.539293661206975
2020-03-16;0.35000000000000003;4.168578349335113;0.0;4.168578349335113;19;0.63013;5;1.9932425089675354;0.3921956371158619;0.2787157361275603;10.490750047197555;1.4669249269871596;26.31578947368421;2.0641875637676943
2020-03-18;1.09;5.80010858484215;0.72;5.817461611043051;34;1.1275899999999999;15;3.3788696859826635;1.385627177015128;0.4584537663700195;9.937852017596068;1.3483934305000573;44.11764705882353;4.075374050044495
2020-03-19;1.5;6.36693066246257;0.7;6.383400822493138;42;1.39291;8;3.837128468990296;0.45825878300763234;0.4584232461516299;9.136020164262609;1.0914839194086425;19.047619047619047;1.0910923404943627
2020-03-20;4.12;9.170976177071013;2.89;9.2132895341677;87;2.88532;45;7.6630963513338815;3.8259678823435856;0.9694253852031925;8.808156725671129;1.1142820519576926;51.724137931034484;4.397664232578834
2020-03-21;5.51;10.6490170741935;3.4;10.703343619937868;108;3.5817699999999997;21;8.831795175090697;1.1686988237568157;0.9988761731819088;8.177588125083979;0.9248853455388044;19.444444444444443;1.08212854051557
2020-03-22;5.89;10.708795261820818;3.5;10.756779069944496;117;3.88025;9;8.84576146119999;0.013966286109292625;0.8565590443433171;7.560479881367512;0.7321017473019804;7.6923076923076925;0.01193699667460908
2020-03-23;7.34;11.483357303049269;5.07;11.540043108649767;138;4.57671;21;9.806181443904784;0.9604199827047939;0.8712796847731379;7.105928582539699;0.6313620904153173;15.217391304347826;0.6959565092063723
2020-03-24;8.28;12.662905581965688;5.72;12.719700380817851;161;5.3394900000000005;23;10.802174450367767;0.9959930064629834;0.8886648932959732;6.7094251244520295;0.5519657722335237;14.285714285714286;0.6186291965608592
2020-03-25;10.18;13.855043496973597;7.02;13.945674250570688;195;6.46709;34;12.480794670797623;1.6786202204298561;0.9972223750744148;6.40040752348596;0.5113960897817512;17.435897435897434;0.8608308822717211
2020-03-26;10.639999999999999;13.93233170243469;7.25;14.00561911043802;201;6.6660699999999995;6;12.029918721757658;-0.45087594903996475;0.8006630851533493;5.985034189929183;0.39833984335987527;2.985074626865672;-0.2243163925571964
2020-03-27;12.780000000000001;15.608258886068795;8.43;15.688940227260268;241;7.992660000000001;40;13.905831771154224;1.8759130493965657;0.9450630747292692;5.7700546768274785;0.3921423546594478;16.597510373443985;0.7783871574259609
2020-03-28;15.0;15.787164585718541;10.86;15.863636583601053;260;8.62278;19;14.235997076527815;0.33016530537359046;0.8632462157075966;5.475383490972236;0.33201777527215254;7.3076923076923075;0.1269866559129194
2020-03-29;16.21;17.629938064599557;11.31;17.709562845017274;298;9.88304;38;15.727639859428994;1.4916427829011791;0.9461908534147738;5.277731496452683;0.31751370919958855;12.751677852348994;0.5005512694299259
2020-03-30;16.759999999999998;18.40355405947998;11.58;18.48984591661602;312;10.347339999999999;14;15.622408339513791;-0.1052315199152023;0.8083732162225916;5.007182160100574;0.259093979558523;4.487179487179487;-0.033728051254872535
2020-03-31;18.61;19.07197957870407;13.0;19.17708020138898;333;11.04379;21;15.940836716551527;0.3184283770377352;0.7445404874957912;4.787038053018476;0.22358573198071807;6.306306306306307;0.09562413724856912
2020-04-01;19.48;20.03906830633247;14.01;20.131918899743724;370;12.27088;37;17.15510113950732;1.214264422955793;0.805416959702932;4.636513821488465;0.21768025937917082;10.0;0.328179573771836
2020-04-02;20.470000000000002;21.521210139269257;14.24;21.6116840125564;400;13.265820000000001;30;17.877386569552016;0.7222854300446961;0.7946924078343944;4.469346642388004;0.1986731019585986;7.5;0.18057135751117404
2020-04-03;19.519999999999996;21.968240804406804;13.82;22.04929032963202;419;13.89595;19;17.939034683079516;0.061648113527500215;0.7005019635200526;4.281392525794634;0.1671842395035925;4.534606205250597;0.014713153586515565
2020-04-04;19.279999999999998;23.965336330929;13.46;24.032181454344617;456;15.123029999999998;37;18.96257406593387;1.0235393828543558;0.7418652917629346;4.158459224985498;0.16268975696555585;8.114035087719298;0.2244603909768324
2020-04-05;19.8;24.05589937935173;13.83;24.14803087105644;468;15.52101;12;18.59654415232121;-0.36602991361266035;0.6004354982745638;3.97362054536778;0.1282981833920008;2.5641025641025643;-0.0782115200027052
2020-04-06;20.669999999999998;24.762304093932862;14.32;24.83000813613246;485;16.08481;17;18.514283099115545;-0.08226105320566646;0.5135158720498051;3.8173779585805248;0.1058795612473825;3.5051546391752577;-0.016961041898075558
2020-04-07;20.779999999999998;25.157173365010063;14.31;25.249104374554985;503;16.68177;18;18.488285820754644;-0.025997278360900822;0.44498494544978606;3.6756035428935676;0.08846619193832725;3.5785288270377733;-0.005168445002167161
2020-04-08;19.689999999999998;26.06072816567589;13.63;26.148320262021663;509;16.88075;6;17.868336861045332;-0.619948959709312;0.3099863488682361;3.510478754625802;0.060901050858199635;1.1787819253438114;-0.12179743805683929
2020-04-09;20.53;26.43812905023288;14.0;26.52460494855235;527;17.47772;18;17.874761256223987;0.006424395178655118;0.2715725579194409;3.3917953047863354;0.05153179467162067;3.415559772296015;0.0012190503185303828
2020-04-10;19.34;27.662189597595727;13.32;27.74264467085525;556;18.43949;29;18.408777623996485;0.5340163677724981;0.3047319338153978;3.3109312273374973;0.054807901765359324;5.215827338129497;0.09604610931160038
2020-04-11;18.98;29.357976184617453;12.91;29.41857688020557;592;19.63341;36;19.24007742412254;0.8312998001260539;0.3711733873797872;3.2500130783990775;0.06269820732766676;6.081081081081081;0.14042226353480639
2020-04-12;18.580000000000002;31.04833377659791;12.48;31.12376311282154;618;20.49569;26;19.554807322499858;0.314729898377319;0.3640598243638567;3.1642083046116274;0.058909356693180696;4.207119741100324;0.05092716802221991
2020-04-13;18.16;30.42384584433066;12.56;30.489289856597118;641;21.25848;23;19.712947895177926;0.15814057267806803;0.33813455568071354;3.0753428853631712;0.052751100730220525;3.5881435257410295;0.02467091617442559
2020-04-14;17.07;31.700173070935637;12.02;31.767917349541076;651;21.590120000000002;10;19.273107101091043;-0.4398407940868836;0.24027541711446157;2.9605387252059976;0.036908666223419595;1.5360983102918586;-0.06756387005942913
2020-04-15;19.12;32.296954323679785;13.61;32.345496728074195;688;22.81721;37;20.06552909140772;0.7924219903166758;0.30967363270983866;2.9165013214255406;0.04501070242875562;5.377906976744186;0.11517761487160985
2020-04-16;20.079999999999995;33.3974812756225;14.12;33.448727263612824;727;24.11063;39;20.90152898825134;0.8359998968436209;0.3757810605412135;2.8750383752752873;0.05168927930415591;5.364511691884457;0.1149931082315847
2020-04-17;20.79;33.27770532529507;14.25;33.33516419214358;756;25.0724;29;21.254891906013146;0.3533629177618067;0.3729669986204667;2.811493638361527;0.049334259076781316;3.835978835978836;0.04674112668806967
2020-04-18;21.820000000000004;35.894018690831736;14.7;35.949834182896836;796;26.398979999999998;40;22.06360333229984;0.8087114262866955;0.42763553420860884;2.771809463856764;0.053723057061383014;5.025125628140704;0.10159691285008737
2020-04-19;24.669999999999998;36.41556248239331;16.56;36.49410350877373;860;28.52151;64;23.853365065182796;1.7897617328829547;0.5984494212261211;2.773647100602651;0.06958714200303734;7.441860465116279;0.2081118294049947
2020-04-20;22.9;36.181808867568975;15.21;36.2473335975116;875;29.01898;15;23.479417619578307;-0.37394744560448956;0.4765575742722759;2.6833620136660925;0.05446372277397439;1.7142857142857142;-0.04273685092622738
2020-04-21;25.07;37.108794704819566;17.7;37.19371780885106;913;30.27923;38;24.086676025746474;0.6072584061681674;0.4929354146502891;2.638190145207719;0.053990735449100664;4.16210295728368;0.06651242126705009
2020-04-22;25.080000000000002;37.30602162513379;17.9;37.380867425662416;959;31.8048;46;24.994422489248322;0.907746463501848;0.5448984988911028;2.606300572392943;0.05681944722534961;4.796663190823775;0.09465552278434285
2020-04-23;23.93;37.939225097649285;16.16;37.997094639065516;968;32.10328;9;24.337881096853437;-0.6565413923948853;0.3944354982907283;2.5142439149641977;0.04074746883168681;0.9297520661157025;-0.06782452400773609
2020-04-24;25.13;39.30531111463414;17.1;39.36467301805239;1012;33.56252;44;25.137942026877376;0.800060930023939;0.44522226394220465;2.483986366292231;0.04399429485594908;4.3478260869565215;0.07905740415256314
2020-04-25;26.1;40.88041604682633;18.46;40.95627932517328;1020;33.82784;8;24.446422227218935;-0.6915197996584403;0.30292458218158863;2.3967080614920526;0.029698488449175355;0.7843137254901961;-0.06779605879004318
2020-04-26;31.470000000000002;42.2544835825535;21.56;42.33849055916239;1125;37.31012;105;27.670685878554266;3.224263651335331;0.6685526913019959;2.459616522538157;0.05942690589351075;9.333333333333334;0.28660121345202944
2020-04-27;34.03;42.066181755357206;23.95;42.14322184497464;1189;39.43265;64;29.113605820559602;1.4429199420053358;0.7654554408195381;2.4485791270445416;0.06437808585530178;5.3826745164003365;0.1213557562662183
2020-04-28;35.15;42.94203566754524;24.88;43.02864194083666;1230;40.792390000000005;41;29.58221141935838;0.46860559879877783;0.7283133774337399;2.405057838972226;0.05921246971006016;3.3333333333333335;0.03809801616250226
2020-04-29;36.99;43.51613511275461;25.39;43.57581800897735;1313;43.54505;83;31.673155180027845;2.0909437606694645;0.8987860822528904;2.4122738141681523;0.06845286231933667;6.3214013709063215;0.15924933439980687
2020-04-30;39.76;45.67498030938412;27.67;45.76248382968987;1423;47.19315;110;34.718154117515304;3.0449989374874598;1.167260996399596;2.4397859534445048;0.08202817964860125;7.730147575544624;0.2139844650377695
2020-05-01;45.230000000000004;45.797711457533275;31.56;45.904648726980525;1546;51.27239;123;38.12759723660054;3.409443119085239;1.447715022828826;2.4662093943467363;0.0936426276085916;7.95601552393273;0.2205331901090064
2020-05-02;47.52;48.89040221027874;33.09;48.976048516421045;1605;53.2291;59;38.92859314486264;0.8009959082620952;1.3668293907492894;2.4254575168138715;0.08516070970400558;3.67601246105919;0.049906287119133655
2020-05-03;50.41000000000001;51.00531801348332;35.73;51.10146343948054;1720;57.04302;115;41.83014595172775;2.901552806865112;1.558764793815466;2.431985229751614;0.09062586010555035;6.686046511627907;0.16869493063169258
2020-05-04;52.32000000000001;50.63154069482099;36.89;50.76269115335902;1793;59.46403000000001;73;43.012086728676145;1.1819407769483945;1.5116413882506838;2.3988893881024067;0.08430794134136553;4.071388733965421;0.06591973100660316
2020-05-05;54.87;51.32145262948039;38.59;51.42755487090553;1837;60.923269999999995;44;43.04933687928532;0.03725015060917514;1.3272726341826144;2.3434587305000174;0.07225218476769811;2.395209580838323;0.0020277708551537906
2020-05-06;65.16;54.47858328153951;45.96;54.62448568511777;2046;67.85466;209;49.27275049489947;6.223413615614149;1.939493207817502;2.408247824775145;0.09479438943389551;10.21505376344086;0.30417466351975314
2020-05-07;78.05;54.67495468399558;54.9;54.84159616292154;2258;74.88555;212;55.34344911809157;6.070698623192101;2.4560437165500324;2.4509942036355876;0.10877075804030259;9.388839681133748;0.2688529062529717
2020-05-08;84.72;58.07555893363873;59.05;58.210978736442364;2442;80.98783;184;60.11900057273881;4.775551454647243;2.7460557901763445;2.46187553532919;0.11245109705881837;7.534807534807535;0.19555902762683222
2020-05-09;89.2;59.696254691918696;62.95;59.863096513982846;2576;85.43188;134;62.84809520082647;2.7290946280876582;2.7439351739710984;2.4397552484792886;0.10651922259204576;5.201863354037267;0.10594311444439668
2020-05-10;89.92999999999999;62.28521943933457;63.27;62.415428065551716;2682;88.94731999999999;106;64.43465927806137;1.586564077234904;2.599235669007774;2.402485431695055;0.09691408161848522;3.9522744220730797;0.059156005862598955
2020-05-11;96.24000000000001;60.568209466516336;68.03;60.74995553891212;2799;92.82757;117;66.35865164814948;1.9239923700881008;2.5148159028196537;2.3707985583476057;0.08984694186565394;4.180064308681672;0.06873856270411222
2020-05-12;101.65;64.3412397952032;70.28;64.48764795202132;2979;98.79719;180;70.50015305191022;4.141501403760742;2.718181846312857;2.366571099426325;0.09124477496854169;6.042296072507553;0.1390232092568225
2020-05-13;111.28999999999999;66.88824355791253;78.74;67.05586869366937;3192;105.86124;213;75.67171659774586;5.171563545835639;3.024894486171206;2.3706678132125893;0.09476486485498767;6.672932330827067;0.16201640181189342
2020-05-14;117.77000000000001;67.68153870752484;82.48;67.84674112894578;3416;113.2901;224;81.03317783661022;5.361461238864365;3.3169986027463008;2.372165627535428;0.09710183263308843;6.557377049180328;0.15695144141874603
2020-05-15;131.36;72.71056394425028;92.45;72.87532922114939;3787;125.59414;371;91.47370220836348;10.440524371753256;4.207528081146855;2.4154661264421304;0.11110451759035794;9.796672828096119;0.2756938043769014
2020-05-16;147.55;75.20410878926683;104.6;75.40900462668819;4140;137.30123;353;100.85503915662048;9.381336948257001;4.854310595104236;2.4361120569232;0.11725387910879798;8.526570048309178;0.2266023417453382
2020-05-17;155.02;77.68758614092755;109.92;77.89527996229322;4368;144.86275;228;105.39949680719936;4.544457650578877;4.815576021269179;2.412992143021963;0.11024670378363505;5.21978021978022;0.10403978137772155
2020-05-18;168.24;78.64667771210374;118.97;78.8340599940883;4618;153.15388000000002;250;110.54991085148865;5.150414044289292;4.8574335689651225;2.393891529915302;0.10518478928031881;5.413598960589;0.11152910446706997
2020-05-19;173.63;82.5404066521545;122.7;82.76598776250442;4853;160.94755;235;114.96775810511771;4.417847253629063;4.802482069086946;2.3690038760584735;0.0989590370716453;4.8423655470842775;0.0910333248223586
2020-05-20;190.38;83.89408312770563;135.97;84.13742498934931;5271;174.81033;418;125.69033330989366;10.72257520477595;5.542531542819559;2.3845633335210334;0.10515142369227015;7.930184025801556;0.2034258244123686
2020-05-21;193.0;86.51794838020139;135.71;86.71655719595417;5542;183.79792;271;130.81598619478913;5.125652884895473;5.490419379574728;2.360447242778584;0.09906927787034875;4.889931432695778;0.0924874212359342
2020-05-22;208.97000000000003;89.92982118509876;147.03;90.21442145457587;5948;197.26273;406;140.49363937575205;9.67765318096292;6.013844091176744;2.3620315967678556;0.10110699548044291;6.825823806321453;0.16270432382251043
2020-05-23;217.85;94.48606133641454;153.09;94.7351977190563;6248;207.2121;300;146.08687292871087;5.5932335529588215;5.961265973266863;2.338138171074118;0.09541078702411751;4.801536491677337;0.08952038337001955
2020-05-24;237.02;95.10472899266196;167.01;95.35784905694798;6638;220.14627000000002;390;154.61595719183163;8.529084263120751;6.282252878178029;2.329255155044164;0.09464074839075065;5.875263633624586;0.12848876563905923
2020-05-25;239.76999999999998;97.3596648120937;170.08;97.61402528491097;6930;229.83032000000003;292;159.40698100219333;4.7910238103617075;6.095844357030158;2.300245036106686;0.0879631220350672;4.213564213564213;0.06913454271806216
2020-05-26;248.84999999999997;99.76480147392324;175.23;100.00866319040225;7210;239.11639;280;163.60147850327783;4.1944975010844985;5.858170547161605;2.2690912413769464;0.08125063172207497;3.883495145631068;0.058176109585083194
2020-05-27;264.3499999999999;102.30759609722007;185.94;102.55944919504941;7761;257.39006;551;177.04214698304327;13.440668479765435;6.80600181630702;2.281177000168062;0.08769490808281176;7.099600566937251;0.17318217342823652
2020-05-28;285.58000000000004;107.26070646567247;201.68;107.48477451023076;8300;275.26575;539;189.5696348670506;12.527487884007343;7.521200137580796;2.2839715044222966;0.09061686912747947;6.493975903614458;0.15093358896394388
2020-05-29;288.78;110.85455082396861;203.13;111.07341958535282;8722;289.26119;422;197.59525255257338;8.025617685522775;7.584253300188454;2.2654809969338845;0.08695543797510266;4.8383398303141485;0.092015795523077
2020-05-30;317.01000000000005;115.62152020425712;223.65;115.9021286877141;9474;314.20092999999997;752;216.69498799937665;19.099735446803265;9.023707927137044;2.28725974244645;0.09524707543948749;7.937513194004644;0.20160159855186052
2020-05-31;318.01;118.8125420674318;223.14;119.06561448430547;9780;324.34927999999996;306;219.76489314113743;3.0699051417607848;8.279473821184121;2.2470847969441454;0.08465719653562495;3.128834355828221;0.03138962312638839
2020-06-01;345.77;118.24067711343008;244.4;118.52779304552341;10510;348.5594;730;237.2674234499832;17.502530308845763;9.432367752994448;2.257539709324293;0.08974660088481873;6.9457659372026646;0.16653216278635358
2020-06-02;380.63;128.9703797526213;269.45;129.27430662562205;11256;373.30015;746;254.6828015307876;17.415378080804402;10.430253034416548;2.2626403831804156;0.09266393953817119;6.627576403695807;0.1547208429353625
2020-06-03;396.49999999999994;129.8048665878864;280.03;130.04465575293352;12020;398.63787;764;272.08382918934007;17.401027658552465;11.301606731585817;2.263592588929618;0.0940233505123612;6.356073211314476;0.1447672850129157
2020-06-04;428.31;133.55996641693548;301.75;133.91404754279117;12923;428.58545;903;293.5982994277715;21.514470238431443;12.578223475912612;2.271905125959696;0.09733207054021985;6.987541592509479;0.16648201066649726
2020-06-05;486.34999999999997;137.47694375289396;343.59;137.77275479439456;14208;471.2019;1285;327.34328863673716;33.74498920896565;15.224085162065965;2.3039364346617197;0.10715150029607239;9.04420045045045;0.2375069623378776
2020-06-06;564.5600000000001;150.73693598686114;399.42;151.07695876839418;15850;525.6580799999999;1642;372.0116290709941;44.66834043425695;18.90463650882703;2.3470765241072185;0.11927215462982353;10.3596214511041;0.281819182550517
2020-06-07;583.63;149.3045150595645;411.63;149.7023423903972;16623;551.29428;773;385.61270505406264;13.60107598306854;18.241688379589277;2.3197539857670857;0.10973764290193874;4.650183480719485;0.08182082646374626
2020-06-08;590.21;157.17549890347271;415.09;157.5700458702591;16948;562.07276;325;383.56019888487566;-2.0525061691869837;15.704903803704955;2.2631590682374063;0.09266523367774933;1.917630398867123;-0.012110609919677742
2020-06-09;637.4699999999999;156.40234788273585;451.09;156.89422017152935;18090;599.94667;1142;409.20182840007595;25.641629515200293;16.94699891216582;2.262033324489088;0.09368158602634505;6.312880044223328;0.14174477343947095
2020-06-10;693.6099999999999;161.494920265986;490.91;162.03151289708177;19433;644.4866599999999;1343;440.72317392505136;31.521345524975402;18.768797878590203;2.267911150748991;0.09658209169243145;6.910924715689806;0.16220524635915917
