date,n_mean_ICU,n_std_ICU,n_mean_ICU_SUS,n_std_ICU_SUS,confirmed,confirmed_per_100k_inhabitants,growth_rate,growth_rate_EWM,growth_accel,growth_accel_EWM,growth_rate_EWM_NORM_(%),growth_accel_EWM_NORM_(%),growth_rate_NORM_(%),growth_accel_NORM_(%)
2020-03-18,0.0,0.962845110633433,0.0,0.962845110633433,1,0.02489,1,0.15728590747856655,0.15728590747856655,0.032373795199359734,15.728590747856655,3.237379519935973,100.0,15.728590747856655
2020-03-19,0.0,0.9700567514378227,0.0,0.9700567514378227,1,0.02489,0,0.13529635686778918,-0.02198955061077737,0.022021097867083332,13.529635686778917,2.2021097867083332,0.0,-2.198955061077737
2020-03-20,0.0,0.9642079494056095,0.0,0.9642079494056095,1,0.02489,0,0.11821784523476679,-0.01707851163302239,0.015032457403503795,11.82178452347668,1.5032457403503796,0.0,-1.7078511633022389
2020-03-21,0.0,0.969535971483266,0.0,0.969535971483266,1,0.02489,0,0.10457702072725965,-0.013640824507507143,0.010168783296709399,10.457702072725965,1.0168783296709398,0.0,-1.3640824507507143
2020-03-22,0.0,0.9652549775666385,0.0,0.9652549775666385,1,0.02489,0,0.09343629160158246,-0.011140729125677193,0.006708587975974596,9.343629160158246,0.6708587975974596,0.0,-1.1140729125677193
2020-03-23,0.0,1.3819909514533697,0.0,1.3819909514533697,2,0.04977,1,0.1833365440288691,0.08990025242728664,0.019730354223941288,9.166827201443455,0.9865177111970644,50.0,4.4950126213643316
2020-03-24,0.0,1.6928846936098711,0.0,1.6928846936098711,3,0.07466,1,0.25924301111961673,0.07590646709074764,0.028254699686218854,8.641433703987223,0.9418233228739618,33.333333333333336,2.530215569691588
2020-03-25,0.0,2.1171736448445233,0.0,2.1171736448445233,5,0.12444000000000001,2,0.4117837131403913,0.15254070202077458,0.046623031813394306,8.235674262807827,0.932460636267886,40.0,3.0508140404154913
2020-03-26,0.0,2.3059869378588767,0.0,2.3059869378588767,6,0.14932,1,0.460624148965322,0.048840435824930695,0.04694344140267663,7.677069149422034,0.7823906900446106,16.666666666666668,0.8140072637488448
2020-03-27,0.14,3.090862715041276,0.0,3.090862715041276,10,0.24886999999999998,4,0.740303314614814,0.279679165649492,0.07993003834528653,7.40303314614814,0.7993003834528654,40.0,2.7967916564949205
2020-03-28,0.17,3.6174195557640587,0.0,3.6174195557640587,14,0.34842,4,0.9863757528578233,0.24607243824300928,0.10309051733476876,7.045541091841595,0.7363608381054911,28.571428571428573,1.7576602731643522
2020-03-29,0.41000000000000003,3.7253574162471828,0.0,3.7253574162471828,14,0.34842,0,0.9150005164096333,-0.07137523644819,0.0791150313335892,6.535717974354524,0.5651073666684943,0.0,-0.5098231174870714
2020-03-30,0.3,3.8691729077283425,0.0,3.8691729077283425,17,0.42308,3,1.0600562030444243,0.14505568663479096,0.08806556194818731,6.235624723790731,0.5180327173422783,17.647058823529413,0.8532687449105351
2020-03-31,0.30000000000000004,4.254050001368276,0.0,4.254050001368276,18,0.44797,1,1.0560283200408849,-0.004027883003539401,0.07569793308674437,5.866824000227138,0.4205440727041354,5.555555555555555,-0.022377127797441117
2020-04-01,0.5700000000000001,4.489587391898609,0.0,4.489587391898609,21,0.52263,3,1.1820218040638375,0.12599348402295263,0.08239014145932805,5.6286752574468455,0.3923340069491812,14.285714285714286,0.5999689715378697
2020-04-02,0.87,5.267716331916076,0.0,5.267716331916076,29,0.72173,8,1.609979501371671,0.4279576973078334,0.12800301909043574,5.551653453005762,0.44138972100150253,27.586206896551722,1.4757161976132187
2020-04-03,0.78,5.687291343713881,0.0,5.687291343713881,32,0.7963899999999999,3,1.694646435273213,0.08466693390154201,0.12232264075972081,5.295770110228791,0.3822582523741275,9.375,0.2645841684423188
2020-04-04,1.0,5.683251665635571,0.92,5.689723147478222,34,0.8461700000000001,2,1.7127276222017582,0.018081186928545323,0.1087414864902661,5.037434182946348,0.3198279014419591,5.882352941176471,0.05317996155454507
2020-04-05,1.27,5.818623444413532,0.91,5.825656940455625,35,0.87105,1,1.6716319821115526,-0.04109564009020561,0.08932251508328176,4.7760913774615785,0.25520718595223363,2.857142857142857,-0.1174161145434446
2020-04-06,1.17,5.977456724133508,0.93,5.982899705735413,36,0.89594,1,1.633865239041019,-0.037766743070533515,0.07292710714831499,4.53851455289172,0.2025752976342083,2.7777777777777777,-0.10490761964037087
2020-04-07,1.57,6.704777807992257,0.88,6.712648170025408,41,1.0203799999999998,5,1.8187159207308428,0.18485068168982366,0.08730840892937834,4.435892489587421,0.21294733885214231,12.195121951219512,0.45085532119469185
2020-04-08,2.16,7.492428231760435,1.79,7.504823835912526,55,1.3688,14,2.472828856857999,0.6541129361271563,0.15988489792049015,4.496052467014543,0.2906998144008912,25.454545454545453,1.1892962475039204
2020-04-09,4.25,9.09291460201821,3.46,9.119731134172541,79,1.9660900000000001,24,3.604535107912772,1.1317062510547728,0.2839440080371141,4.5627026682440155,0.3594227949836888,30.379746835443036,1.4325395582971807
2020-04-10,4.34,9.916201415111058,3.62,9.934115486798538,85,2.11541,6,3.7279601097542807,0.12342500184150884,0.2635070335273699,4.38583542324033,0.3100082747380823,7.0588235294117645,0.14520588451942218
2020-04-11,5.47,10.728776889065852,4.48,10.75249987376673,101,2.51361,16,4.348318114190849,0.620358004436568,0.3088355443818451,4.3052654595949,0.3057777667146981,15.841584158415841,0.6142158459768
2020-04-12,5.52,11.15230754760483,4.5,11.16888372382682,111,2.76248,10,4.628881384122768,0.2805632699319194,0.30525154977483876,4.170163409119611,0.2750013961935484,9.00900900900901,0.2527597026413688
2020-04-13,7.139999999999999,12.04966029111664,6.27,12.076895840045701,136,3.38466,25,5.622873455546432,0.9939920714236639,0.392407183394317,4.134465776137082,0.2885346936722919,18.38235294117647,0.7308765231056351
2020-04-14,8.46,12.8838687018796,7.11,12.920215661020242,152,3.78286,16,6.120980107710177,0.49810665216374517,0.40576215038283486,4.026960597177748,0.26694878314660186,10.526315789473685,0.3277017448445692
2020-04-15,8.15,13.38382428625139,7.18,13.41768804694954,165,4.10639,13,6.4460585894264,0.3250784817162229,0.39558161987937523,3.9067021754099396,0.23974643629053044,7.878787878787879,0.19701726164619568
2020-04-16,10.15,14.227034693203503,9.02,14.258615506479446,195,4.85301,30,7.542687952163287,1.0966293627368868,0.48393454391237906,3.868045103673481,0.2481715609807072,15.384615384615385,0.5623740321727625
2020-04-17,10.959999999999999,15.004304702183292,8.91,15.03698971190576,205,5.10188,10,7.655483017888199,0.11279506572491194,0.43720802071379233,3.734381959945463,0.21327220522624016,4.878048780487805,0.055021983280444844
2020-04-18,13.34,16.042607221541218,11.45,16.082062879638496,236,5.87338,31,8.712615311584987,1.057132293696788,0.5151863979831344,3.691786148976689,0.21829932117929424,13.135593220338983,0.44793741258338476
2020-04-19,12.88,16.76219983875456,10.84,16.79064452111185,245,6.09737,9,8.72546189152875,0.012846579943763814,0.4520482953734287,3.5614130169505103,0.1845095083156852,3.673469387755102,0.005243502017862781
2020-04-20,14.45,17.24929068955965,12.68,17.281655860852258,263,6.54534,18,9.13495381445519,0.4094919229264402,0.44670314634322694,3.4733664693745974,0.1698491050734703,6.844106463878327,0.15570035092260084
2020-04-21,15.979999999999999,18.61072450676401,13.44,18.648470893525467,301,7.49105,38,10.39443068689892,1.259476872443729,0.5487274583171826,3.4532992315278803,0.1823014811684992,12.624584717607974,0.4184308546324681
2020-04-22,18.06,19.680652397415052,16.11,19.713091558349717,345,8.586089999999999,44,11.844260037261131,1.4498293503622115,0.6617797837769577,3.433118851380038,0.19182022718172687,12.753623188405797,0.4202403914093366
2020-04-23,19.28,21.253849181983604,16.97,21.29073049593426,386,9.60647,41,13.088568843587055,1.2443088063259236,0.7348303181099296,3.39082094393447,0.19037054873314238,10.621761658031089,0.3223597943849543
2020-04-24,21.19,22.580556197353026,18.84,22.626884853682757,447,11.12459,61,15.112246525947056,2.0236776823600007,0.896389853140191,3.3808157776167906,0.20053464276066915,13.646532438478747,0.4527243137270695
2020-04-25,25.029999999999998,24.68565556976543,22.33,24.730602315938263,499,12.41872,52,16.65491181270446,1.542665286757403,0.977373238926481,3.337657677896685,0.19586638054638897,10.420841683366733,0.30915136007162386
2020-04-26,26.54,25.997060906140444,23.37,26.05417962165717,543,13.513760000000001,44,17.787665890786272,1.1327540780818133,0.9968376858277643,3.275813239555483,0.18357968431450541,8.103130755064457,0.20861032745521424
2020-04-27,30.96,27.475750851405042,26.91,27.53577282097753,633,15.75361,90,20.75184833726207,2.9641824464757995,1.2432192135675209,3.2783330706575153,0.19640113958412653,14.218009478672986,0.46827526800565555
2020-04-28,34.36,29.039328330713673,30.33,29.10332781485632,698,17.37128,65,22.552326584063085,1.8004782468010134,1.3129914263379767,3.230992347286975,0.1881076542031485,9.312320916905444,0.257948172894128
2020-04-29,40.89000000000001,30.684498159049745,36.01,30.731227233430285,814,20.25819,116,26.32296113853825,3.7706345544751656,1.6206398638569488,3.2337790096484333,0.1990958063706325,14.25061425061425,0.46322291824019235
2020-04-30,46.25000000000001,33.20796957711121,40.93,33.267015848049,926,23.045560000000002,112,29.752298106466185,3.4293369679279344,1.8470122521619463,3.212991156205852,0.1994613663241843,12.095032397408207,0.3703387654349821
2020-05-01,52.300000000000004,34.92222218044267,46.5,34.97472804783765,1034,25.73338,108,32.86012362447175,3.107825518005562,2.004787870871891,3.177961665809647,0.19388664128354843,10.444874274661508,0.30056339632548956
2020-05-02,58.8,38.05977247446549,51.98,38.142179811962514,1169,29.093159999999997,135,36.88685513005949,4.02673150558774,2.257774896675581,3.155419600518348,0.19313728799620025,11.548331907613345,0.34445949577311724
2020-05-03,61.43000000000001,38.28402099618538,54.78,38.35567576821406,1219,30.33752,50,37.400145724393326,0.5132905943338386,2.039530124510318,3.068100551631938,0.16731174114112535,4.1017227235438884,0.04210751389120907
2020-05-04,68.64999999999999,40.68378841005271,60.99,40.780394056383756,1361,33.8715,142,41.466522275914414,4.066376551521088,2.293073205828224,3.04676871975859,0.16848443834153004,10.433504775900074,0.29877858571058696
2020-05-05,74.92999999999999,41.61991844190845,66.29,41.7051976510256,1493,37.156620000000004,132,44.962923371606514,3.4964010956921,2.4435864707465473,3.0115822753922648,0.16366955597766558,8.84125920964501,0.2341862756659143
2020-05-06,82.7,43.72949639025648,73.55,43.82985688483883,1657,41.23812,164,49.531070718687296,4.568147347080782,2.7093068515162995,2.9892016124735847,0.1635067502423838,9.897404948702475,0.2756878302402403
2020-05-07,91.21000000000001,47.88664986563097,81.49,47.986676644184634,1849,46.016459999999995,192,54.96519030102211,5.434119582334816,3.050077067359564,2.972698231531753,0.1649581972611987,10.383991346673877,0.2938950558320614
2020-05-08,99.36,48.75933489490951,88.23,48.86337932842897,2030,50.52105,181,59.744349057025666,4.779158756003554,3.2663059010364583,2.943071382119491,0.16090176852396346,8.916256157635468,0.23542653970460856
2020-05-09,103.29000000000002,51.775391906490746,92.3,51.867920789932455,2156,53.65684,126,62.24257744202089,2.4982283849952225,3.170259823818349,2.8869470056595956,0.14704359108619428,5.8441558441558445,0.1158733017159194
2020-05-10,113.13999999999999,52.82122161144376,101.02,52.93733136950949,2341,58.26098,185,66.84617588868274,4.603598446661849,3.349486565290511,2.8554539038309583,0.14307930650536144,7.902605724049551,0.19665093749089485
2020-05-11,118.58999999999999,55.13399108288164,105.62,55.20971447786406,2525,62.840219999999995,184,71.21671346550063,4.370537576817895,3.4771549735191325,2.8204638996237876,0.13770910786214385,7.287128712871287,0.17309059710169883
2020-05-12,129.09,58.843831555407846,115.73,58.94449602907139,2777,69.1118,252,77.92713653426595,6.710423068765323,3.8814160887078955,2.8061626407729907,0.1397701148256354,9.074540871444004,0.24164289048488738
2020-05-13,140.45,61.08384949965883,125.21,61.20851713362259,3045,75.78158,268,84.948249332561,7.02111279829505,4.273965354323979,2.789761882842726,0.14036011015842295,8.801313628899836,0.23057841702118392
2020-05-14,152.25,65.91491714339176,135.79,66.00380445110873,3361,83.64594,316,93.44331830569737,8.49506897313637,4.8017058567121005,2.7802236925229806,0.14286539293996134,9.401963701279382,0.25275420925725584
2020-05-15,168.57999999999998,68.31475210783945,150.6,68.43351047225003,3739,93.05331,378,103.85863906493155,10.415320759234177,5.5035270496054745,2.777711662608493,0.1471924859482609,10.109654987964696,0.27855899329323824
2020-05-16,180.55999999999997,71.90726668439152,160.73,72.01424929845622,4063,101.11676,324,111.88138579014267,8.022746725211121,5.818476365806909,2.7536644299813604,0.14320640821577427,7.974403150381492,0.1974586937044332
2020-05-17,194.5,73.9913943262555,174.38,74.10966221987141,4347,108.18473,284,118.12786513640961,6.246479346266938,5.871983703874064,2.717457215008273,0.135081290634324,6.533241315850011,0.14369632726632017
2020-05-18,213.29000000000002,79.83098709147971,190.93,79.97044203954358,4786,119.11022,439,129.72608143233595,11.598216295926335,6.587844318888386,2.7105324160538222,0.1376482306495693,9.17258671124112,0.24233632043306177
2020-05-19,238.56999999999996,81.75248404467443,213.57,81.84738082232532,5300,131.90225,514,143.56222027850416,13.836138846168211,7.493971446659263,2.708721137330267,0.14139568767281627,9.69811320754717,0.26105922351260774
2020-05-20,262.4200000000001,84.26545490833769,234.36,84.45778407529464,5838,145.29157,538,157.7112895993947,14.149069320890533,8.325931235721198,2.701460938667261,0.14261615682975673,9.215484755053101,0.2423615848045655
2020-05-21,278.49,89.86691600878098,248.67,90.00813126006614,6238,155.24646,400,166.37125359895302,8.659963999558329,8.367688517627933,2.6670608143467938,0.13414056616909156,6.412311638345623,0.13882596985505496
2020-05-22,306.65000000000003,92.67259097587495,274.86,92.8265561042842,6882,171.27383,644,183.38354435246623,17.012290753513213,9.448335951683811,2.664683876089309,0.13729055436913412,9.35774484161581,0.24719980751980836
2020-05-23,337.99,97.660496314549,302.1,97.82506090161169,7508,186.85323,626,199.09596293225542,15.712418579789187,10.231392029105299,2.6517842692095823,0.13627320230561132,8.33777304208844,0.20927568699772492
2020-05-24,343.76,99.50180434890048,307.26,99.62952107024739,7823,194.6927,315,203.19714288005494,4.1011799477995226,9.465076344426185,2.597432479612104,0.12099036615654078,4.026588265371341,0.05242464460947875
2020-05-25,344.52000000000004,101.00207237597863,308.72,101.16392748525745,8016,199.49593000000002,193,202.8374488830113,-0.35969399704364946,8.236925115895605,2.5304072964447513,0.10275605184500507,2.407684630738523,-0.004487200561921775
2020-05-26,382.57,108.26091736768596,342.41,108.42853927492028,8919,221.96909,903,227.46071913156862,24.623270248557333,10.285298429186835,2.550293969408775,0.11531896433666144,10.124453414059872,0.2760765808785439
2020-05-27,448.91999999999996,111.88983014058468,401.38,112.0445879500161,10209,254.0736,1290,264.71961171636127,37.25889258479265,13.657113172525369,2.5930023676791194,0.1337752294301633,12.635909491625037,0.36496123601520863
2020-05-28,485.01,118.69733923902525,433.66,118.8770909066345,11132,277.0445,923,287.73817151199717,23.018559795635895,14.82732906705205,2.5847841494070893,0.13319555396201987,8.291412145167087,0.2067782949661866
2020-05-29,517.22,122.46642892703868,464.63,122.65968903491243,12011,298.92037,879,308.3573747363442,20.619203224347018,15.55133232023227,2.5672914389837995,0.12947574989786254,7.318291566064441,0.17166932998374007
2020-05-30,554.4300000000001,131.70438861635583,496.94,131.900805080212,12862,320.09938999999997,851,327.2317105359293,18.87433579958514,15.96671728519777,2.5441743938417765,0.12413868204943064,6.616389364018038,0.14674495257024678
2020-05-31,555.37,130.8783657493175,498.13,131.0613586119575,13162,327.56555,300,326.2869150007366,-0.9447955351927249,13.852735744788008,2.4790071037892156,0.10524795429864768,2.279288861875095,-0.00717820646704699
2020-06-01,564.48,140.2823984941544,505.05,140.45255009174,13695,340.83044,533,333.4413271683674,7.154412167630824,13.015430589965373,2.434766901557995,0.095037828331255,3.89193136181088,0.05224105270267122
2020-06-02,601.5000000000001,138.5491646392075,537.84,138.74013630605322,14859,369.79916000000003,1164,362.1197933822336,28.67846621386616,14.973340135643896,2.4370401331330074,0.10076950087922401,7.833636180092873,0.19300401247638574
2020-06-03,643.64,145.57666336735338,577.08,145.75286795521976,16018,398.64345,1159,389.5730235345179,27.453230152284334,16.533347367607124,2.4320952898896113,0.10321730158326337,7.235609938818829,0.17138987484257917
2020-06-04,720.27,153.5626694002593,645.35,153.76131156221754,17579,437.49239000000006,1561,429.84142076874696,40.26839723422904,19.50026351414473,2.44519836605465,0.1109293106214502,8.879913533193015,0.2290710349520965
2020-06-05,738.3100000000001,157.19178203196196,661.58,157.3939641103935,18579,462.37960999999996,1000,449.39949836806784,19.55807759932088,19.507490349203362,2.4188573032352005,0.10499752596589355,5.382421012971634,0.10526980784391454
2020-06-06,769.7900000000001,163.70057450088314,689.19,163.91086599709973,19787,492.44337,1208,475.3685735898688,25.96907522180095,20.315195735298452,2.4024287339660826,0.10266940787031108,6.105018446454743,0.13124311528680926
2020-06-07,824.6899999999999,169.47564507544257,739.08,169.63634007410494,20951,521.41209,1164,498.89594422162156,23.527370631752774,20.71672076270195,2.381251225343046,0.0988817753935466,5.555820724547754,0.11229712487114112
2020-06-08,813.59,169.4057135543205,729.51,169.62554549609703,20951,521.41209,0,481.8834115895306,-17.012532632090938,16.000531556564425,2.300049694952654,0.07637120689496646,0.0,-0.08120153039039157
2020-06-09,855.77,179.67793338205013,766.22,179.89600146874983,22452,558.7678,1501,516.5717505935282,34.68833900399761,18.336521586735316,2.300782783687548,0.08166988057516175,6.685373240691252,0.15449999556385896
2020-06-10,866.04,183.65345109469058,776.59,183.85546496906179,24032,598.08961,1580,552.7040539251229,36.1323033315947,20.561006052795793,2.29986706859655,0.08555678284285866,6.5745672436751,0.15035079615344
