date;n_mean_ICU;n_std_ICU;n_mean_ICU_SUS;n_std_ICU_SUS;confirmed;confirmed_per_100k_inhabitants;growth_rate;growth_rate_EWM;growth_accel;growth_accel_EWM;growth_rate_EWM_NORM_(%);growth_accel_EWM_NORM_(%);growth_rate_NORM_(%);growth_accel_NORM_(%)
2020-03-12;0.0;1.3939986812161351;0.0;1.3939986812161351;2;0.02093;0;0.0;0.0;0.0;0.0;0.0;0.0;0.0
2020-03-13;0.0;1.386587993106194;0.0;1.386587993106194;2;0.02093;0;0.0;0.0;0.0;0.0;0.0;0.0;0.0
2020-03-14;0.0;2.576976538660777;0.0;2.576976538660777;7;0.07324;5;1.7216051594410606;1.7216051594410606;0.6519688177764963;24.59435942058658;9.313840253949946;71.42857142857143;24.59435942058658
2020-03-15;0.0;2.6980351998063226;0.0;2.6980351998063226;8;0.08371;1;1.5322363263184786;-0.18936883312258201;0.39783024712143544;19.152954078980983;4.972878089017943;12.5;-2.3671104140322754
2020-03-16;0.0;2.81808732327729;0.0;2.81808732327729;8;0.08371;0;1.2053702908491757;-0.32686603546930293;0.2118546833414928;15.067128635614695;2.64818354176866;0.0;-4.085825443366287
2020-03-17;0.35;4.082339272940692;0.0;4.082339272940692;18;0.18834;10;2.79386830139295;1.5884980105437743;0.5240443684223908;15.521490563294167;2.9113576023466154;55.55555555555556;8.824988947465412
2020-03-18;0.48;4.4157713214835255;0.0;4.4157713214835255;19;0.19881;1;2.511718097711325;-0.282150203681625;0.3581072009639046;13.219568935322764;1.8847747419152872;5.2631578947368425;-1.4850010720085527
2020-03-19;1.1;5.209668750011702;0.88;5.219793912105007;28;0.29298;9;3.4188203648792204;0.9071022671678954;0.4626552134643263;12.210072731711502;1.6523400480868795;32.142857142857146;3.239650954171055
2020-03-20;0.97;5.469775261758149;0.0;5.469775261758149;31;0.32437;3;3.3659525076853556;-0.052867857193864776;0.37051093280339376;10.85791131511405;1.1951965574303023;9.67741935483871;-0.17054147481891863
2020-03-21;0.89;5.727319520411699;0.0;5.727319520411699;33;0.34529;2;3.2083390914881407;-0.15761341619721492;0.28092841729736373;9.722239671176185;0.8512982342344356;6.0606060606060606;-0.4776164127188331
2020-03-22;1.35;5.980774839163208;0.87;5.990222673387668;37;0.38715;4;3.2926757811335663;0.08433668964542562;0.24900625208621707;8.899123732793424;0.6729898705032894;10.81081081081081;0.22793699904169087
2020-03-23;1.62;6.359475551720386;0.83;6.370559574553032;42;0.43946999999999997;5;3.461984211229973;0.1693084300964065;0.23653136754978915;8.242819550547555;0.5631699227375933;11.904761904761905;0.4031153097533488
2020-03-24;1.6099999999999999;6.577424889865196;0.91;6.583647786889741;42;0.43946999999999997;0;3.1402029576707275;-0.32178125355924525;0.1518112006424191;7.476673708739828;0.36145523962480736;0.0;-0.7661458418077267
2020-03-25;1.81;6.703359251339976;0.87;6.7117900185066315;46;0.48131999999999997;4;3.215546067174282;0.07534310950355438;0.14050991756318;6.990317537335396;0.3054563425286521;8.695652173913043;0.1637893684859878
2020-03-26;1.8399999999999999;6.820333532529734;0.89;6.827506828627088;48;0.50225;2;3.114617546471417;-0.10092852070286495;0.10562263926868999;6.488786555148785;0.22004716514310416;4.166666666666667;-0.210267751464302
2020-03-27;2.67;7.540228207033354;1.77;7.551962752433398;57;0.59642;9;3.579676619994182;0.4650590735227649;0.1565670519565084;6.280134421042424;0.2746790385201902;15.789473684210526;0.8158931114434471
2020-03-28;3.15;8.539847123273864;2.52;8.562627452417214;68;0.7115199999999999;11;4.139832132271201;0.5601555122770194;0.21282783825431603;6.08798842981059;0.31298211507987655;16.176470588235293;0.8237581062897344
2020-03-29;3.2199999999999998;8.730218852475648;2.47;8.753617607145129;73;0.76383;5;4.202074827072244;0.06224269480104283;0.1921340807657205;5.756266886400335;0.2631973709119459;6.8493150684931505;0.0852639654808806
2020-03-30;3.45;9.125847684439837;2.51;9.157018945027685;77;0.80569;4;4.188016261099798;-0.014058565972446146;0.1641462849407473;5.438982157272465;0.21317699342954194;5.194805194805195;-0.018257877886293697
2020-03-31;3.43;10.001667386243682;2.59;10.01974303587924;87;0.91032;10;4.577817636012666;0.38980137491286815;0.19445048742696755;5.261859351738697;0.22350630738731903;11.494252873563218;0.4480475573711128
2020-04-01;3.9699999999999998;10.796209538724247;2.57;10.810330263411956;95;0.99403;8;4.799617512752504;0.22179987673983792;0.1980895332021452;5.052228960792109;0.20851529810752126;8.421052631578947;0.2334735544629873
2020-04-02;4.32;11.685529599474815;3.44;11.706323164008502;106;1.10913;11;5.188809342854259;0.38919183010175473;0.2233139083958826;4.895103153636093;0.21067349848668168;10.377358490566039;0.3671621038695799
2020-04-03;6.45;12.926063444127767;5.17;12.958557642022363;136;1.42303;30;6.700072983541625;1.5112636406873659;0.3921349202263098;4.9265242526041355;0.2883345001664043;22.058823529411764;1.1112232652112985
2020-04-04;8.74;14.453995777617827;6.85;14.492256343971906;176;1.8415700000000002;40;8.671892784074258;1.971819800532633;0.5979450204126624;4.927211809133101;0.33974148887083094;22.727272727272727;1.1203521593935415
2020-04-05;10.469999999999999;14.785457330933275;8.61;14.825236877866354;201;2.10315;25;9.613366071481133;0.9414732874068754;0.642466466775749;4.782769189791608;0.31963505809738757;12.437810945273633;0.4683946703516793
2020-04-06;11.129999999999999;16.077803414218707;9.48;16.119099311880387;223;2.33335;22;10.309882666203725;0.696516594722592;0.6494393133364954;4.623265769598083;0.29122839163071546;9.865470852017937;0.31233928014466006
2020-04-07;17.949999999999996;19.81554606001474;14.46;19.872198309612493;352;3.6831400000000003;129;16.827728996499445;6.51784633029572;1.4034836032077145;4.780604828550978;0.3987169327294644;36.64772727272727;1.8516608892885567
2020-04-08;21.98;21.140061112456223;17.77;21.204227970817136;401;4.19585;49;18.555321794683405;1.7275927981839594;1.4449841669689205;4.6272622929385046;0.3603451787952421;12.219451371571072;0.43082114667929167
2020-04-09;30.810000000000002;23.690735626937688;25.74;23.773164588364224;555;5.80722;154;25.675792384052556;7.120470589369152;2.1694957171330844;4.6262688980274875;0.39090012921316836;27.74774774774775;1.2829676737602076
2020-04-10;37.519999999999996;27.051393100668008;31.46;27.15154265758888;684;7.157;129;30.99951495556515;5.323722571512594;2.571085879872763;4.532092829760987;0.37588974851940987;18.859649122807017;0.7783220133790343
2020-04-11;45.23;29.436882400392633;38.56;29.51095466864035;816;8.53818;132;36.10514204850613;5.105627092940981;2.893032541794305;4.424649760846339;0.35453830169047856;16.176470588235293;0.6256895947231594
2020-04-12;54.17999999999999;32.84320313122933;46.31;32.91701523405778;960;10.04492;144;41.46130588917091;5.356163840664777;3.2052765852346594;4.31888603012197;0.33388297762861036;15.0;0.557933733402581
2020-04-13;65.54;34.71039465303869;55.28;34.84096865716705;1154;12.07483;194;48.90430670765858;7.443000818487668;3.741533025859919;4.237808206902823;0.3242229658457469;16.81109185441941;0.6449740743923456
2020-04-14;71.58999999999999;36.55470859139791;61.45;36.645248262251144;1284;13.43508;130;52.796935762311115;3.892629054652538;3.7606237791069703;4.111910884915196;0.29288347189306624;10.12461059190031;0.30316425659287677
2020-04-15;82.75999999999999;38.83115218221035;70.79;38.949766107102356;1484;15.52777;200;59.753239040340304;6.956303278029189;4.163849278835902;4.02649858762401;0.28058283550107155;13.477088948787062;0.468753590163692
2020-04-16;97.75;42.407583381782416;83.75;42.54468977772465;1683;17.61;199;66.23631905113704;6.483080010796741;4.456141521074234;3.9356101634662535;0.2647737089170668;11.82412358882947;0.38520974514537976
2020-04-17;113.20000000000002;46.14854141516798;97.09;46.32159080544919;2006;20.98969;323;78.022236225919;11.785917174781957;5.378961518009218;3.88944348085339;0.2681436449655642;16.10169491525424;0.5875332589622112
2020-04-18;124.5;48.55554981855131;106.58;48.70426078057051;2193;22.946360000000002;187;82.95718148388764;4.934945257968636;5.323110071392097;3.7828172131275712;0.24273187740046046;8.527131782945736;0.22503170350974172
2020-04-19;135.66;50.48778534147511;116.13;50.65046464433341;2459;25.72964;266;91.13950398049609;8.18232249660845;5.682478851256779;3.7063645376370915;0.23108901387786823;10.817405449369662;0.332749999862076
2020-04-20;149.07999999999998;52.72903505066006;127.83;52.89302635862063;2690;28.1467;231;97.31466254760156;6.17515856710547;5.744360218345789;3.617645447866229;0.21354498952958326;8.58736059479554;0.2295597980336606
2020-04-21;154.96;57.95003173232763;131.84;58.07702280401242;2908;30.42773;218;102.58056063026191;5.265898082660357;5.684300734837263;3.527529595263477;0.19547113943731992;7.49656121045392;0.1810831527737399
2020-04-22;176.74;59.3146801118212;152.66;59.49567779904417;3298;34.50848;390;114.98056299833505;12.400002368073132;6.52685327349444;3.486372437790632;0.1979033739689036;11.825348696179503;0.3759855175279907
2020-04-23;185.47000000000003;64.38239094376944;159.15;64.57290270412477;3604;37.7103;306;123.1328914230074;8.152328424672348;6.730691749762863;3.4165619151777853;0.18675615287910274;8.49056603773585;0.22620223153918836
2020-04-24;197.77999999999997;66.44785708441704;169.19;66.66897037686357;3999;41.84336;395;134.6159840152303;11.483092592222917;7.32641447976357;3.3662411606709255;0.183206163534973;9.877469367341835;0.28714910208109323
2020-04-25;223.97;70.44587367746828;191.16;70.61144041996182;4507;47.1588;508;150.23110030294194;15.61511628771163;8.365053891482498;3.3332837875070322;0.18560137323014197;11.271355668959396;0.34646364073023367
2020-04-26;239.04999999999998;77.31390410971929;205.06;77.48339285735278;4898;51.250009999999996;391;160.20480933394168;9.973709030999743;8.566568973495334;3.2708209337268617;0.17489932571448213;7.982850142915476;0.20362819581461297
2020-04-27;253.04999999999998;81.33984604451531;216.44;81.49157597289093;5358;56.0632;460;172.51084614430442;12.306036810362741;9.034883331512376;3.2196873113905267;0.1686241756534598;8.585293019783501;0.22967593897653493
2020-04-28;271.93;84.10873080108686;232.97;84.30662902150517;5724;59.892830000000004;366;180.38401144992972;7.873165305625292;8.889429184612068;3.151362883471868;0.15530099903235617;6.39412997903564;0.13754656369016932
2020-04-29;286.46;84.2151585961443;245.13;84.45901986983829;6194;64.81065;470;192.07008146148272;11.686070011553;9.239513446586379;3.10090541591028;0.1491687673003936;7.587988375847594;0.1886675817170326
2020-04-30;309.62;90.72188728373784;265.45;90.90098092057771;6876;71.94673;682;211.68017541039714;19.610093948914425;10.537471557503498;3.0785365824665085;0.15325002265130158;9.918557300756254;0.2851962470755443
2020-05-01;323.90000000000003;93.85499693945471;277.43;94.05373756797256;7334;76.73899;458;221.46345361442428;9.783278204027141;10.443093328629104;3.0196816691358643;0.14239287331100497;6.244886828470139;0.13339621221744125
2020-05-02;358.01;100.6836762821907;308.22;100.899426508266;8145;85.22485999999999;811;244.705163603364;23.241709988939732;12.044465348946856;3.0043605107840885;0.14787557211721125;9.957028852056476;0.28534941668434294
2020-05-03;374.67999999999995;103.22523917153306;321.22;103.47966757783968;8643;90.43566;498;254.61993678746532;9.914773184101307;11.778028912301977;2.9459671038697826;0.1362724622503989;5.761888233252343;0.11471448784104255
2020-05-04;375.04999999999995;105.13244123965781;322.84;105.37459181894894;8863;92.73761999999999;220;253.2740678076027;-1.3458689798626153;10.136329044893472;2.8576561864786494;0.11436679504562193;2.482229493399526;-0.015185253073029622
2020-05-05;389.59;109.17339325563485;334.58;109.39155998041849;9325;97.57174;462;261.3350591266482;8.060991319045513;9.876744055999978;2.8025207413045385;0.10591682633780138;4.954423592493297;0.0864449471211315
2020-05-06;401.01000000000005;112.71573593009376;344.4;112.98883629041688;9881;103.38942;556;272.6430726133239;11.30801348667569;10.055753969220005;2.759265991431271;0.10176858586398142;5.626960833923692;0.11444199460252698
2020-05-07;436.51000000000005;118.68389285506404;374.36;118.90162666352518;10824;113.25646;943;298.2121544099087;25.569081796584783;11.995879986830907;2.7551012048217727;0.11082668132696699;8.712121212121213;0.23622581112883206
2020-05-08;460.63999999999993;124.54952346741275;395.71;124.75860569900419;11587;121.24006999999999;763;315.836609965015;17.624455555106294;12.699756696869352;2.725784154354147;0.1096034926803258;6.584965910071632;0.15210542465786048
2020-05-09;483.2799999999999;129.50969783117878;415.94;129.74181373914593;12470;130.47931;883;337.22201120626204;21.385401241247052;13.785873747786338;2.7042663288393105;0.11055231553958571;7.080994386527666;0.17149479744384166
2020-05-10;503.85;135.97741166766775;431.33;136.22935654196706;13275;138.90239;805;354.7644292346005;17.54241802833849;14.255597496151946;2.6724250789800417;0.10738679846442144;6.064030131826742;0.13214627516639163
2020-05-11;507.58;137.15157545761204;436.16;137.37477588882555;13768;144.06087;493;359.9214419148608;5.157012680260266;13.11794440393243;2.6141882765460545;0.09527850380543602;3.5807669959325974;0.03745651278515591
2020-05-12;512.94;139.56158303267367;439.24;139.79112224524798;14309;149.7216;541;366.6428250511354;6.721383136274596;12.31817125946644;2.562323188560594;0.08608687720641862;3.7808372353064503;0.04697311577520859
2020-05-13;529.5;141.69831969377904;455.21;141.90426245902697;14901;155.91597;592;374.96730712801184;8.32448207687645;11.81884922274311;2.516390222991825;0.07931581251421455;3.9728877256559962;0.055865257881192204
2020-05-14;531.5500000000001;148.0335926556721;455.33;148.2891285784142;15588;163.10437;687;386.43979863765776;11.47249150964592;11.77554609398283;2.479085184999087;0.07554237935580466;4.407236335642803;0.07359822626152117
2020-05-15;533.6000000000001;152.84443562992504;458.91;153.0846282388611;16209;169.60217;621;395.0251522480287;8.58535361037093;11.376704218776522;2.4370729363195056;0.07018757615384368;3.8312048861743477;0.05296658406052767
2020-05-16;622.08;159.40586687427597;534.89;159.65596855094205;18488;193.44839;2279;463.6840038876367;68.65885163960803;18.538038077604615;2.508026849240787;0.10027065165298904;12.326914755517093;0.37136981631116417
2020-05-17;657.02;167.06080085956245;563.68;167.2681941788049;19452;203.53516000000002;964;481.8413284203128;18.157324532676057;18.490442688588068;2.4770785956215957;0.09505676891110461;4.955788607855234;0.09334425525743398
2020-05-18;674.9399999999999;170.5190463013301;577.77;170.74244420036618;20094;210.2527;642;487.63040984191747;5.789081421604692;16.902591664038066;2.426746341404984;0.08411760557399256;3.19498357718722;0.028810000107518125
2020-05-19;715.4999999999999;174.17304425614932;614.34;174.43650347749622;21242;222.26475;1148;511.4076294181806;23.77721957626312;17.762005809138447;2.407530502863104;0.08361738917775373;5.404387534130496;0.11193493821797912
2020-05-20;759.2700000000001;181.09619910506964;651.62;181.3789098277499;22560;236.05559;1318;540.3412964039387;28.933666985758123;19.158585251186924;2.395129859946537;0.08492280696448104;5.842198581560283;0.1282520699723321
2020-05-21;792.1899999999999;184.2157574528829;679.93;184.50585463323213;23911;250.19172000000003;1351;569.3161305076948;28.974834103756052;20.38570999755836;2.3809800113240547;0.08525661828262457;5.650119192003681;0.12117784326776819
2020-05-22;854.1800000000001;197.1750360937861;733.1;197.38359825118664;25760;269.53865;1849;614.896205460102;45.580074952407244;23.535215908669446;2.387019431133936;0.09136341579452426;7.177795031055901;0.17694128475313373
2020-05-23;865.4300000000001;201.4457333974597;744.03;201.66232321393207;26786;280.27416;1026;629.4899577192687;14.59375225916665;22.417467649671114;2.350070774730339;0.08369098652158259;3.83035914283581;0.054482760618108896
2020-05-24;876.37;201.95335653851294;753.39;202.24143026880452;27759;290.4551;973;641.6448104138826;12.154852694613965;21.134575198059952;2.3114838805932587;0.07613593860751451;3.505169494578335;0.04378706975976788
2020-05-25;885.06;202.88876247188693;760.22;203.12484224578185;28366;296.80642;607;640.4227494423762;-1.2220609715063802;18.33987066826874;2.2577125764731587;0.064654412565285;2.139885778749207;-0.004308189281204189
2020-05-26;885.8699999999998;205.2310361297947;759.78;205.43716750118293;28854;301.91258;488;635.0623562800166;-5.360393162359628;15.377221733708268;2.20095084314139;0.053293206258086465;1.691273306993831;-0.018577643177235835
2020-05-27;914.17;200.95771307276152;786.83;201.19966089294073;29919;313.05617;1065;650.1385052506496;15.076148970632971;15.339586349432125;2.1729954385195014;0.05127038453635524;3.5596109495638224;0.05038988258508965
2020-05-28;913.8999999999999;216.50197217474846;783.41;216.75535946212622;30713;321.36415;794;655.1690127336564;5.030507483006772;14.050912874796472;2.1331977101997732;0.04574907327449768;2.585224497769674;0.01637908209229568
2020-05-29;975.12;217.62350712766636;837.72;217.93079739803977;32255;337.4988;1542;686.0956639582993;30.92665122464291;16.160435480655945;2.1270986326408288;0.05010210969045402;4.780654162145404;0.09588172756051128
2020-05-30;908.44;227.22554658356972;780.55;227.47425463160005;33427;349.76197;1172;702.9965139430743;16.90084998477505;16.25298941710664;2.1030798873457814;0.048622339477388456;3.5061477248930504;0.050560475019520296
2020-05-31;900.6500000000001;233.66651332074682;773.93;233.8900693648081;34450;360.46609;1023;714.0989331052414;11.102419162167052;15.609155210364486;2.0728561193185526;0.04530959422457035;2.969521044992743;0.03222763182051394
2020-06-01;899.28;232.1299792675377;773.31;232.38124101301182;34900;365.17464;450;704.958376664544;-9.140556440697424;12.515386910415774;2.0199380420187505;0.03586070747970136;1.2893982808022924;-0.026190706133803508
2020-06-02;873.3399999999999;236.91968246942707;751.21;237.1570404635168;35508;371.53643;608;701.6104885257741;-3.347888138769804;10.532447051865585;1.975922295048367;0.02966218049979043;1.7122901881266193;-0.00942854607065958
2020-06-03;849.7499999999999;246.6447302878938;728.67;246.85259585183195;36463;381.52903;955;710.339982016649;8.729493490874802;10.307074825805163;1.9481117352292707;0.028267215604325383;2.6190933274826538;0.02394068916675754
2020-06-04;817.95;249.22007922697358;701.95;249.43815945019116;37507;392.45288;1044;721.8097145866411;11.469732569992175;10.452408754046722;1.924466671785643;0.027867888005030317;2.7834804169888288;0.030580245207540394
2020-06-05;778.7500000000001;256.67426212885846;668.27;256.87750765568;38511;402.95819;1004;731.4896522407065;9.679937654065384;10.35584887231351;1.8994304282950494;0.02689062572333492;2.607047337124458;0.025135513630041764
2020-06-06;760.0400000000001;255.76994265483302;654.66;255.9304748670165;39361;411.85212;850;735.5466020171727;4.05694977646624;9.568479391528516;1.8687192957932286;0.02430954343519859;2.159497980234242;0.010307029233165418
2020-06-07;753.44;256.82406807270644;647.26;257.022089209107;40242;421.07043;881;740.5160760677975;4.96947405062474;8.993599191956083;1.8401572388743044;0.02234878781361782;2.1892550072064014;0.012348973834860942
2020-06-08;748.76;261.3546211567724;641.71;261.48580057050907;40705;425.91500999999994;463;731.0526772273854;-9.463398840412083;6.68645852349086;1.7959775880785787;0.016426627007716153;1.1374524014248864;-0.023248738092155958
2020-06-09;734.4499999999999;261.92652788732784;631.11;262.0834674509461;41010;429.10637;305;716.5508431199892;-14.501834107396235;4.0379059588670225;1.7472588225310635;0.009846149619280719;0.7437210436478907;-0.035361702285774774
2020-06-10;717.7600000000001;258.71824536520126;617.48;258.9145806725617;41935;438.78506;925;723.6333596600635;7.08251654007438;4.4184842914292055;1.7256071531180721;0.010536507193106488;2.2057946822463337;0.01688927277947867
