date,n_mean_ICU,n_std_ICU,n_mean_ICU_SUS,n_std_ICU_SUS,confirmed,confirmed_per_100k_inhabitants,growth_rate,growth_rate_EWM,growth_accel,growth_accel_EWM,growth_rate_EWM_NORM_(%),growth_accel_EWM_NORM_(%),growth_rate_NORM_(%),growth_accel_NORM_(%)
2020-03-16,0.0,2.8405789707186258,0.0,2.8405789707186258,9,0.09855,0,0.0,0.0,0.0,0.0,0.0,0.0,0.0
2020-03-17,0.0,3.0688727243044482,0.0,3.0688727243044482,10,0.1095,1,0.5081967213114754,0.5081967213114754,0.2710382513661202,5.081967213114754,2.710382513661202,10.0,5.081967213114754
2020-03-18,0.41000000000000003,4.311260918463496,0.0,4.311260918463496,19,0.20806,9,3.4321031888212117,2.9239064675097364,1.275674735586188,18.06370099379585,6.714077555716778,47.36842105263158,15.388981407945982
2020-03-19,0.56,4.820860395146799,0.0,4.820860395146799,24,0.26281,5,3.8435619841262856,0.4114587953050739,1.0146254368110077,16.01484160052619,4.227605986712532,20.833333333333332,1.7144116471044744
2020-03-20,3.2300000000000004,8.254394054812336,2.65,8.275416679063431,68,0.74463,44,12.409979231493656,8.56641724736737,2.952607972744775,18.249969458078905,4.342070548154081,64.70588235294117,12.597672422599075
2020-03-21,4.3,9.30022287122978,3.47,9.326480871933716,84,0.9198299999999999,16,13.058413678102529,0.6484344466088725,2.4300766872025674,15.545730569169677,2.8929484371459133,19.047619047619047,0.7719457697724673
2020-03-22,6.36,11.148116296921959,5.02,11.183921359241443,125,1.3688,41,17.453231439132875,4.394817761030346,2.8344748062936773,13.9625851513063,2.267579845034942,32.8,3.5158542088242766
2020-03-23,8.25,12.798758501976636,6.75,12.830265749076252,164,1.79587,39,20.465604037310236,3.012372598177361,2.868352816706875,12.479026852018437,1.7489956199432164,23.78048780487805,1.8368125598642446
2020-03-24,10.530000000000001,13.253262720072849,8.79,13.304693635227862,185,2.02583,21,20.533061047068124,0.06745700975788793,2.3677224006752002,11.09895191733412,1.279849946310919,11.35135135135135,0.03646324851777726
2020-03-25,11.96,14.16779924171483,9.51,14.208322749485081,211,2.31054,26,21.16387574938404,0.6308147023159165,2.073101330627483,10.030272867006655,0.9825124789703711,12.322274881516588,0.2989643138937993
2020-03-26,13.110000000000001,15.306235310942382,11.29,15.346228832971944,237,2.59525,26,21.67907449877992,0.5151987493958785,1.8201322755459997,9.1472888180506,0.7679883019181434,10.970464135021096,0.21738343856366182
2020-03-27,15.850000000000001,16.510902336322985,13.25,16.555887048406554,282,3.08802,45,23.99171625795812,2.3126417591782022,1.8972234530463459,8.50770080069437,0.6727742741299099,15.957446808510639,0.8200857302050363
2020-03-28,18.32,17.516897758185014,15.37,17.567435984534203,322,3.5260300000000004,40,25.479639164462718,1.487922906504597,1.835114861359104,7.912931417535006,0.5699114476270509,12.422360248447205,0.4620878591629182
2020-03-29,19.56,18.217741380591093,16.47,18.2700629722533,359,3.9312,37,26.489156254217885,1.0095170897551675,1.713099076898872,7.378595056885206,0.477186372395229,10.30640668523677,0.2812025319652277
2020-03-30,21.649999999999995,19.73822229056911,18.21,19.787453580284634,382,4.18306,23,26.199446642423414,-0.2897096117944713,1.4236979997759593,6.858493885451155,0.37269581145967523,6.020942408376963,-0.0758402125116417
2020-03-31,23.439999999999998,20.333977138342274,19.77,20.393815882826495,401,4.39111,19,25.63055107584989,-0.5688955665735236,1.1412794709647023,6.391658622406457,0.28460834687399056,4.738154613466334,-0.14186921859688867
2020-04-01,25.470000000000002,21.009053435664974,21.36,21.081525710029297,445,4.87293,44,27.017249140799425,1.3866980649495346,1.1754911604137113,6.07129194175268,0.2641553169469014,9.887640449438202,0.3116175426852887
2020-04-02,32.699999999999996,24.143661317583582,27.13,24.250556319766805,563,6.165080000000001,118,33.60086125460839,6.5836121138089645,1.918687606703784,5.968181395134705,0.34079708822447313,20.959147424511546,1.169380482026459
2020-04-03,34.0,26.741351023189807,29.56,26.802728490686437,658,7.205369999999999,95,37.87246625959427,4.271605004985879,2.238063553314381,5.7556939604246615,0.340131239105529,14.437689969604863,0.6491800919431427
2020-04-04,39.81,28.808849001792503,33.47,28.90188368961582,745,8.15806,87,41.1673791599721,3.294912900377831,2.3799924440599756,5.525822706036523,0.31946207302818463,11.677852348993289,0.44227018797017864
2020-04-05,50.64,32.677468405831895,43.03,32.76959019295392,960,10.51239,215,52.433889759003385,11.266510599031285,3.562411765308577,5.461863516562853,0.3710845588863101,22.395833333333332,1.1735948540657588
2020-04-06,54.3,34.971883136328394,46.33,35.08808501615627,1045,11.44318,85,54.478032047008504,2.044142288005119,3.3620091560148726,5.213208808326172,0.3217233642119495,8.133971291866029,0.1956117022014468
2020-04-07,61.059999999999995,36.52884063284514,52.34,36.635510068508644,1188,13.009089999999999,143,59.86995512793162,5.391923080923114,3.628084853023618,5.039558512452157,0.3053943478976109,12.037037037037036,0.45386557920228227
2020-04-08,70.97999999999999,40.33753521814078,60.48,40.43446979341695,1394,15.264870000000002,206,68.52289048689062,8.652935358958999,4.282750222643075,4.915558858457003,0.3072274191279107,14.777618364418938,0.6207270702266139
2020-04-09,73.58999999999999,41.4115058793075,63.08,41.505257729496385,1445,15.82334,51,67.51252638936235,-1.0103640975282673,3.5967597876749844,4.672147154973173,0.24891071194982592,3.5294117647058822,-0.06992139083240605
2020-04-10,78.53,42.973095964424964,67.42,43.09281351649805,1558,17.06074,113,70.07034640767006,2.5578200183077087,3.462729252080695,4.497454840030171,0.2222547658588379,7.2528883183568675,0.16417330027648963
2020-04-11,82.75000000000001,43.594184546366115,70.76,43.715390039008305,1668,18.265279999999997,110,72.2630761140939,2.1927297064238473,3.2995442680170304,4.332318711876134,0.19781440455737592,6.594724220623501,0.13145861549303642
2020-04-12,85.07,44.42688469652565,73.67,44.522681678425265,1747,19.130370000000003,79,72.62483674908106,0.3617606349871494,2.9233757455901377,4.157117157932516,0.1673369058723605,4.5220377790498,0.02070753491626499
2020-04-13,93.39,47.730970220411585,80.21,47.82939909910868,1935,21.18904,188,78.69023162141784,6.065394872336782,3.324474255698446,4.066678636765779,0.1718074550748551,9.71576227390181,0.31345709934557014
2020-04-14,101.08999999999999,48.63194114982457,87.17,48.73486226511777,2070,22.66735,135,81.59156125007532,2.9013296286574786,3.2706002867415647,3.9416213164287592,0.1580000138522495,6.521739130434782,0.14016085162596514
2020-04-15,112.61999999999999,52.6560733880382,96.55,52.78038996300108,2291,25.08739,221,88.63873039538268,7.047169145307365,3.7503138267160203,3.86899739831439,0.163697679036055,9.646442601484068,0.30760231974279195
2020-04-16,109.66,53.371315547139396,93.97,53.4769709616422,2412,26.412390000000002,121,90.24522272861492,1.6064923332322394,3.4785477654237607,3.741510063375411,0.14421839823481594,5.016583747927031,0.06660415975258041
2020-04-17,128.51999999999998,59.421026462512295,109.69,59.51917578275581,2747,30.080779999999997,335,102.18783190183952,11.942609173224596,4.5496196884537055,3.719979319324336,0.16562139382794705,12.195121951219512,0.43475097099470683
2020-04-18,137.98999999999998,60.98886960053871,117.69,61.14684059828043,3062,33.530159999999995,315,112.4029098559327,10.21507795409319,5.265441716637112,3.6708984276921197,0.17196086599076135,10.287393860222076,0.33360803246548626
2020-04-19,141.55,64.9291508748831,121.43,65.03137499187092,3306,36.202059999999996,244,118.62172924185346,6.218819385920753,5.385737318012955,3.5880740847505583,0.16290796485217648,7.380520266182698,0.18810705946523756
2020-04-20,148.03000000000003,67.45113411900051,127.48,67.5882023280646,3485,38.16218,179,121.43283348256189,2.8111042407084312,5.061256763001483,3.4844428545928805,0.14522974929702964,5.136298421807748,0.080662962430658
2020-04-21,150.46999999999997,69.69878842620443,130.35,69.79948859469394,3682,40.31941,197,124.90150304835169,3.4686695657897957,4.860749764986316,3.392218985560882,0.13201384478507106,5.350353068984248,0.09420612617571417
2020-04-22,166.48,73.09636673804678,143.53,73.23174127591828,4116,45.07189,434,138.89870861534246,13.997205566990772,6.009996581867956,3.374604193764394,0.14601546603177737,10.54421768707483,0.34006816246333266
2020-04-23,199.15,78.07755541508686,172.07,78.23253645124872,4702,51.48883,586,158.88488990569093,19.98618129034847,7.766635718419702,3.379091661116353,0.1651772802726436,12.46278179498086,0.42505702446508864
2020-04-24,217.67,80.86483875248034,187.19,81.006395096095,5121,56.07705,419,170.36956282082528,11.484672915134354,8.23362718817031,3.3268807424492337,0.16078162835716286,8.18199570396407,0.2242662158784291
2020-04-25,240.31,85.990669678269,207.0,86.10246960289334,5667,62.055969999999995,546,186.75955385607327,16.389991035247988,9.257463691473381,3.2955629761085805,0.16335739706146782,9.634727368978295,0.28921812308537126
2020-04-26,272.14,89.15581752179607,235.08,89.35341850192302,6260,68.54956999999999,593,204.28579531433334,17.526241458260074,10.294865303319746,3.263351362848775,0.16445471730542724,9.472843450479234,0.27997190827891494
2020-04-27,294.98,89.96405810942031,253.82,90.15286657403165,6783,74.27663000000001,523,217.8878816307282,13.60208631639486,10.70959873772483,3.2122642139278814,0.15788882113703126,7.710452602093469,0.20053201115133218
2020-04-28,302.37,93.37899490730766,260.86,93.61675645897475,6985,76.48862,202,217.21681105946686,-0.671070571261339,9.283009606309093,3.109761074580771,0.13289920696219173,2.891911238367931,-0.009607309538458682
2020-04-29,308.48,97.29286440765564,265.21,97.46285120314543,7409,81.13159,424,225.86459297678917,8.647781917322305,9.203410589661619,3.048516574123217,0.12421933580323416,5.722769604535025,0.1167199610922163
2020-04-30,332.36000000000007,98.9426322408469,286.13,99.13262618708069,7861,86.08117,452,235.2321182431089,9.367525266319745,9.223969118157788,2.99239432951417,0.11733836812311141,5.749904592291057,0.11916454988321773
2020-05-01,317.4,105.21267561996088,272.97,105.40311290996632,8000,87.60328,139,231.28196818630565,-3.950150056803267,7.574100892782101,2.8910246023288204,0.09467626115977626,1.7375,-0.04937687571004083
2020-05-02,318.90999999999997,107.83470923669066,274.07,108.06132340556272,8309,90.98696,309,234.4443517075722,3.1623835212665483,7.0217271047029675,2.821571208419451,0.08450748711882257,3.7188590684799614,0.03805973668632264
2020-05-03,306.75,109.7668862736947,264.12,109.88182252867043,8379,91.75349,70,227.80898528087752,-6.635366426694674,5.312128409155333,2.718808751412788,0.06339811921655726,0.835421888053467,-0.07919043354451216
2020-05-04,460.36999999999995,120.37690338132464,396.53,120.64189971845092,11040,120.89253000000001,2661,325.20067864108853,97.39169336021101,16.836595930632352,2.9456583210243528,0.15250539792239448,24.10326086956522,0.8821711355091577
2020-05-05,470.51000000000005,121.00062762588709,403.95,121.23365615974217,11470,125.6012,430,329.36307571227724,4.162397071188707,15.250572352934983,2.87151766096144,0.13296052618077578,3.748910200523104,0.036289425206527524
2020-05-06,494.03999999999996,126.76566288577001,425.95,127.01779712649991,12310,134.79955,840,349.4942709311354,20.13119521885818,15.861239357553492,2.839108618449516,0.12884841070311528,6.823720552396425,0.16353529828479432
2020-05-07,554.64,135.5725908206308,476.62,135.75957786402472,13888,152.0793,1578,397.58192969419645,48.08765876306103,19.892945204041176,2.862773111277336,0.14323837272495085,11.362327188940093,0.34625330330545095
2020-05-08,601.5600000000001,142.9881253316463,516.98,143.20790336381086,15134,165.72351,1246,430.5646462655602,32.98271657136377,21.530376102598463,2.8450155032744826,0.1422649405484238,8.233117483811286,0.21793786554356923
2020-05-09,619.1899999999999,147.9108033733353,533.05,148.14402875089317,15879,173.88156,745,442.7081333264681,12.143487060907887,20.356256123337694,2.7880101601263814,0.1281960836534901,4.691731217331066,0.07647513735693612
2020-05-10,633.72,150.12884822274123,546.27,150.37748557775154,16692,182.78425,813,456.9183933252995,14.210259998831418,19.587571898468106,2.73734958857716,0.11734706385375093,4.8705966930266,0.08513215911113958
2020-05-11,659.6100000000001,151.43693856726722,566.5,151.67582655989142,17599,192.71627,907,474.0856261024221,17.167232777122592,19.2848797260974,2.6938213881608166,0.10957940636455141,5.153701914881528,0.09754663774715945
2020-05-12,686.8399999999999,155.96887865561806,591.42,156.22206857256407,18412,201.61895,813,486.93704073474976,12.851414632327646,18.480348243945276,2.6446721743143047,0.10037121575030021,4.415598522702585,0.06979912357336328
2020-05-13,709.37,165.65529516182548,610.56,165.91492764411382,19156,209.76606,744,496.6298287826712,9.692788047921454,17.381486908313132,2.5925549633674634,0.09073651549547469,3.8839006055543956,0.0505992276462803
2020-05-14,802.5699999999999,166.42409034594345,690.71,166.72073580534231,21077,230.8018,1921,550.0459739822868,53.416145199615585,21.887312874825252,2.609697651384385,0.10384453610487855,9.114200313137543,0.2534333406064221
2020-05-15,913.8100000000002,172.36443417563518,787.84,172.6409353794368,23059,252.50551000000002,1982,603.4664143858324,53.420440403545626,25.830097468946263,2.617053707384676,0.1120174225636249,8.595342382583807,0.23166850428702732
2020-05-16,943.1400000000001,174.9283263615026,812.87,175.2350206540815,23795,260.56501000000003,736,608.3858759540996,4.919461568267138,23.215604411304824,2.5567803149993678,0.09756505320993833,3.093086782937592,0.020674349940185494
2020-05-17,971.4399999999998,182.4375444646826,837.3,182.79476915465344,24255,265.6022,460,602.9046412646702,-5.481234689429357,19.62770272637508,2.4856921923919613,0.08092229530560742,1.896516182230468,-0.022598370189360367
2020-05-18,929.2,192.15773074442902,800.33,192.45138239266686,26363,288.68566,2108,658.2424123340063,55.3377710693361,24.092328831178133,2.4968418326215014,0.09138690145726258,7.996055077191518,0.20990695698265033
2020-05-19,1013.32,195.4518977894432,873.31,195.69787492329843,28112,307.83793,1749,698.1662337620143,39.923821428007955,26.07160193995477,2.483516767793164,0.09274189648532574,6.221542401821286,0.14201700849462134
2020-05-20,1106.64,210.02201443052238,951.9,210.34066783542963,30560,334.64454,2448,761.9364996408118,63.770265878797545,30.784636116456973,2.4932477082487297,0.10073506582610266,8.010471204188482,0.20867233599082965
2020-05-21,1063.1200000000001,214.1115586357125,917.04,214.37690626887533,31413,343.98524,853,765.24135005925,3.30485041843815,27.34921568602802,2.4360658009717313,0.08706336766952542,2.715436284340878,0.010520645651284978
2020-05-22,1179.99,216.81784381588545,1015.42,217.07386069485588,34573,378.58853,3160,851.8020880627573,86.56073800350737,34.75149914216224,2.4637783474467283,0.10051629636468411,9.14008040956816,0.2503709195138037
2020-05-23,1164.3000000000002,219.59075027896967,1004.68,219.81805023264312,35122,384.60031000000004,549,840.899418037786,-10.902670024971371,29.044159157220232,2.394224184379551,0.08269506052394578,1.5631228289960708,-0.031042281262375068
2020-05-24,1145.74,229.57470962850002,986.4,229.90908485966816,35595,389.77985,473,827.702319188362,-13.197098849423924,23.76354138644435,2.325333106302464,0.06676089727895589,1.3288383199887626,-0.037075709648613356
2020-05-25,1128.35,230.58170450739442,971.54,230.94070852393122,36185,396.24059,590,819.206283515139,-8.496035673222991,19.730786521327666,2.2639388794117425,0.054527529421936345,1.630509879784441,-0.02347944085456126
2020-05-26,1128.8500000000001,230.85536728664226,972.01,231.1511421236125,37021,405.39513999999997,836,819.8044459788209,0.5981624636818879,17.339048818368646,2.214430852702036,0.04683571167274965,2.258177790983496,0.0016157382666105397
2020-05-27,1108.48,242.98280441299553,955.51,243.26823290434788,37275,408.17654,254,799.7189833257911,-20.085462653029822,12.660711559418333,2.145456695709701,0.03396569164163201,0.681421864520456,-0.05388454098733688
2020-05-28,1012.38,241.26335610697288,871.15,241.55296417142142,37821,414.15546,546,790.7413218644942,-8.977661461296861,9.955776653939598,2.090746732938035,0.02632340935971973,1.4436424208772904,-0.023737239790848633
2020-05-29,926.91,243.75552417671827,799.98,243.93571933332495,38395,420.441,574,783.0959889214352,-7.645332943059088,7.755539536557642,2.0395780412070197,0.020199347666512938,1.4949863263445762,-0.019912313955095944
2020-05-30,1463.1499999999999,259.9805760440615,1260.23,260.3314752775815,47822,523.67052,9427,1087.0842329767972,303.9882440553621,44.78607694730237,2.2731885596102153,0.09365161839174935,19.712684538496926,0.6356661035827905
2020-05-31,1460.68,267.50823160751105,1257.96,267.81077718750936,48489,530.9744400000001,667,1072.3536026887057,-14.730630288091561,37.3462337520062,2.2115399424378843,0.07702001227496175,1.3755697168429952,-0.030379323739593643
2020-06-01,1460.7,275.1357786749494,1260.39,275.4745988418365,50504,553.03952,2015,1105.3157915201637,32.96218883145798,36.79821171493349,2.188570789482345,0.07286197472464258,3.98978298748614,0.06526649142930853
2020-06-02,1606.42,284.04772954309254,1386.6,284.40540195043036,54683,598.80128,4179,1212.5050540236841,107.18926250352047,45.59732377808524,2.21733455374373,0.08338482485980148,7.642228846259349,0.19601935245601096
2020-06-03,1551.92,295.2928859812087,1336.56,295.59843523116143,56056,613.83619,1373,1218.0874306440637,5.582376620379591,40.59534062444832,2.1729831430071065,0.07241926042608876,2.4493363779078066,0.009958571108141129
2020-06-05,1873.92,303.1777722289967,1615.05,303.4789433778518,62176,680.8527,6120,1388.157728039522,170.07029739545828,56.78003512612844,2.2326262996003634,0.09132146668510108,9.843026248069995,0.2735304577255827
2020-06-06,1759.57,307.79018966421813,1513.51,308.1771742902699,63575,696.17233,1399,1388.5329828640488,0.3752548245267917,49.72931373902979,2.1840864850397934,0.07822149231463593,2.2005505308690525,0.000590255327608009
2020-06-07,1788.5199999999998,313.5842591165197,1543.01,313.9118944316328,64271,703.79381,696,1364.6204232813009,-23.912559582747917,40.523938088964776,2.1232288641553745,0.06305166885370506,1.082914533771063,-0.03720583090779343
2020-06-08,1871.6899999999998,313.5292997295291,1611.94,313.9372519929562,66218,725.11426,1947,1384.683916417249,20.063493135948193,37.966348073881946,2.091098970698676,0.05733538928068191,2.940288139176659,0.030299153003636763
2020-06-09,1998.1499999999999,318.36478337583037,1721.42,318.76602531314313,69023,755.83016,2805,1433.5080031088876,48.82408669163851,39.323581372355385,2.0768555454107873,0.056971707072070735,4.063862770380887,0.07073596727415284
2020-06-10,2115.76,330.64133645038544,1823.37,331.0303709173782,71947,787.84916,2924,1484.6361614813666,51.12815837247899,40.79916869085838,2.063513644045431,0.05670725491105728,4.064102742296413,0.07106364180921927
