date;n_mean_ICU;n_std_ICU;n_mean_ICU_SUS;n_std_ICU_SUS;confirmed;confirmed_per_100k_inhabitants;growth_rate;growth_rate_EWM;growth_accel;growth_accel_EWM;growth_rate_EWM_NORM_(%);growth_accel_EWM_NORM_(%);growth_rate_NORM_(%);growth_accel_NORM_(%)
2020-03-05;0.0;0.9680762971851531;0.0;0.9680762971851531;1;0.024880000000000003;0;0.0;0.0;0.0;0.0;0.0;0.0;0.0
2020-03-06;0.0;0.9674500483020281;0.0;0.9674500483020281;1;0.024880000000000003;0;0.0;0.0;0.0;0.0;0.0;0.0;0.0
2020-03-07;0.0;0.9667189118587957;0.0;0.9667189118587957;1;0.024880000000000003;0;0.0;0.0;0.0;0.0;0.0;0.0;0.0
2020-03-08;0.0;0.964207949405609;0.0;0.964207949405609;1;0.024880000000000003;0;0.0;0.0;0.0;0.0;0.0;0.0;0.0
2020-03-09;0.0;0.9676588429625581;0.0;0.9676588429625581;1;0.024880000000000003;0;0.0;0.0;0.0;0.0;0.0;0.0;0.0
2020-03-10;0.0;0.9632646510065591;0.0;0.9632646510065591;1;0.024880000000000003;0;0.0;0.0;0.0;0.0;0.0;0.0;0.0
2020-03-11;0.0;0.9685978619539785;0.0;0.9685978619539785;1;0.024880000000000003;0;0.0;0.0;0.0;0.0;0.0;0.0;0.0
2020-03-12;0.0;1.3717937825410143;0.0;1.3717937825410143;2;0.04977;1;0.13980623543004883;0.13980623543004883;0.02662403534961203;6.990311771502442;1.3312017674806016;50.0;6.990311771502442
2020-03-13;0.0;1.3679594772189458;0.0;1.3679594772189458;2;0.04977;0;0.1221584400759257;-0.017647795354123127;0.018710915208296302;6.107922003796285;0.9355457604148151;0.0;-0.8823897677061564
2020-03-14;0.0;1.9229606802474604;0.0;1.9229606802474604;4;0.09954;2;0.33883729360230114;0.21667885352637545;0.05229101038405515;8.470932340057528;1.3072752596013788;50.0;5.416971338159386
2020-03-15;0.0;1.9810720493324987;0.0;1.9810720493324987;4;0.09954;0;0.3027405059959125;-0.036096787606388625;0.03793877937311521;7.568512649897813;0.9484694843278803;0.0;-0.9024196901597157
2020-03-16;0.0;2.6727959861984205;0.0;2.6727959861984205;8;0.19907;4;0.6693827603912018;0.3666422543952893;0.08938984535266604;8.367284504890023;1.1173730669083255;50.0;4.583028179941116
2020-03-17;0.0;2.727599307046029;0.0;2.727599307046029;8;0.19907;0;0.6071656009220939;-0.062217159469107886;0.06638450700420917;7.589570011526174;0.8298063375526146;0.0;-0.7777144933638486
2020-03-18;0.0;3.206747935718105;0.0;3.206747935718105;11;0.27371999999999996;3;0.8168471597992839;0.20968155887718998;0.08756249802658338;7.42588327090258;0.7960227093325762;27.272727272727273;1.906195989792636
2020-03-19;0.13;3.4613970729995276;0.0;3.4613970729995276;13;0.32349;2;0.9150860247437008;0.09823886494441691;0.08910520757404207;7.039123267259237;0.6854246736464774;15.384615384615385;0.7556835764955147
2020-03-20;0.32000000000000006;4.015480398194322;0.0;4.015480398194322;16;0.39814;3;1.0798345639190996;0.16474853917539878;0.09982644987152439;6.748966024494372;0.6239153116970274;18.75;1.0296783698462424
2020-03-21;0.8;5.243180467439721;0.0;5.243180467439721;26;0.64698;10;1.753212203080661;0.6733776391615613;0.17978027428432872;6.7431238580025425;0.6914625934012643;38.46153846153846;2.589913996775236
2020-03-22;0.74;5.12714700039275;0.0;5.12714700039275;26;0.64698;0;1.6263478360519923;-0.12686436702866866;0.13764046090707088;6.255183984815355;0.5293863881041188;0.0;-0.4879398731871871
2020-03-23;1.1400000000000001;5.760809777533823;0.77;5.776160428254162;33;0.8211700000000001;7;2.0001986741518403;0.373850838099848;0.1697027478663451;6.061208103490425;0.5142507511101366;21.21212121212121;1.132881327575297
2020-03-24;1.6300000000000001;6.239192757290502;0.73;6.254968126427684;40;0.99536;7;2.3355281448904472;0.33532947073860697;0.19194548011612603;5.838820362226118;0.4798637002903151;17.5;0.8383236768465174
2020-03-25;1.55;6.322742740106999;0.72;6.338665140041376;40;0.99536;0;2.1841569438374573;-0.15137120105298996;0.14626456549443984;5.4603923595936426;0.36566141373609956;0.0;-0.3784280026324749
2020-03-26;2.15;6.878419406764432;1.44;6.906450139931046;48;1.1944299999999999;8;2.5492116170399317;0.3650546732024744;0.17514356828531083;5.310857535499857;0.36488243392773084;16.666666666666668;0.7605305691718217
2020-03-27;2.2199999999999998;7.331583813346282;1.48;7.356746645910896;54;1.3437299999999999;6;2.7594010870632872;0.21018947002335553;0.17973729150570392;5.1100020130801616;0.33284683612167393;11.11111111111111;0.3892397593025102
2020-03-28;3.04;8.01274968882453;2.26;8.043417033559654;61;1.5179200000000002;7;3.0105036464927126;0.2511025594294254;0.18903515408849883;4.93525187949625;0.3098936952270473;11.475409836065573;0.41164354004823833
2020-03-29;3.4300000000000006;8.537249988944764;2.04;8.579221256835458;72;1.79165;11;3.4711753763626145;0.4606717298699019;0.22423939898141762;4.8210769116147425;0.3114436096964133;15.277777777777779;0.6398218470415303
2020-03-30;4.63;9.353365461401873;2.81;9.39358001267597;85;2.1151400000000002;13;4.006993623423567;0.535818247060952;0.26443526126262057;4.714110145204196;0.31110030736778893;15.294117647058824;0.6303744083070024
2020-03-31;5.38;10.170219349461526;3.67;10.22225325533278;97;2.41375;12;4.445928123193959;0.4389344997703928;0.286857045232854;4.583431054839133;0.29572891261118966;12.371134020618557;0.45250979357772453
2020-04-01;6.920000000000001;11.42644876211027;4.37;11.471566210118448;120;2.98608;23;5.442248244576437;0.9963201213824773;0.37770024895660737;4.535206870480364;0.31475020746383947;19.166666666666668;0.8302667678187311
2020-04-02;7.5600000000000005;12.35355672008526;5.06;12.41397453019635;139;3.4588699999999997;19;6.154993654079519;0.7127454095030821;0.42047087169732184;4.428052988546416;0.30249702999807326;13.66906474820144;0.5127664816568935
2020-04-03;8.12;12.542395418271695;5.6;12.602844235658981;153;3.80725;14;6.559203261112501;0.4042096070329819;0.41840051841444426;4.28706095497549;0.2734643911205518;9.15032679738562;0.26418928564247185
2020-04-04;8.03;13.860579557023064;5.55;13.912698000623951;166;4.13074;13;6.884788888901542;0.32558562778904143;0.4066108327469194;4.147463186085266;0.24494628478730085;7.831325301204819;0.19613592035484426
2020-04-05;10.63;14.896784515085427;7.04;14.967050106446793;194;4.82749;28;7.932999456008579;1.048210567107037;0.4879445787062718;4.08917497732401;0.2515178240753978;14.43298969072165;0.5403147253129057
2020-04-06;11.389999999999999;15.558550833557863;7.77;15.623239230082987;209;5.20075;15;8.277827967487536;0.34482851147895666;0.46983417118957216;3.9606832380323134;0.22480103884668523;7.177033492822966;0.16498971841098406
2020-04-07;12.330000000000002;16.084500821183937;8.54;16.1641444767939;227;5.64866;18;8.74449651413479;0.466668546647254;0.46943419934720726;3.8522011075483653;0.20679920676088423;7.929515418502203;0.20558085755385638
2020-04-08;14.970000000000002;17.418320466646257;9.93;17.514079704020645;273;6.79333;46;10.505061638002626;1.7605651238678366;0.6323469421397473;3.848007926008288;0.23162891653470596;16.84981684981685;0.6448956497684383
2020-04-09;15.809999999999999;18.47197011144128;10.86;18.555163157406618;300;7.46519;27;11.273036450752272;0.767974812749646;0.6494400988767058;3.7576788169174242;0.21648003295890197;9.0;0.255991604249882
2020-04-10;18.3;19.976132324007633;13.5;20.06877830427808;349;8.684510000000001;49;13.004772286616097;1.7317358358638248;0.7857013155735608;3.7262957841306865;0.22512931678325523;14.040114613180515;0.49619937990367474
2020-04-11;21.159999999999997;20.590285490144534;14.99;20.686463123638525;383;9.530560000000001;34;13.955519446916865;0.950747160300768;0.806461927325294;3.6437387589861263;0.21056447188649974;8.877284595300262;0.24823685647539634
2020-04-12;23.250000000000004;21.52366006106402;16.72;21.609478069223293;430;10.70011;47;15.432663422354679;1.477143975437814;0.8907586333628333;3.5889914935708553;0.2071531705494961;10.930232558139535;0.34352185475297997
2020-04-13;23.849999999999998;23.408889682375285;16.66;23.51426197356864;463;11.52128;33;16.208301233288395;0.7756378109337163;0.8762992723557471;3.5007130093495458;0.18926550158871427;7.1274298056155505;0.16752436521246572
2020-04-14;28.84;25.308953819435988;20.23;25.40709041654206;557;13.86038;94;19.602608827150764;3.3943075938623686;1.1923750241876188;3.519319358554895;0.21407091996187053;16.87612208258528;0.6093909504241236
2020-04-15;38.68;28.974896240042206;27.84;29.08503072237009;734;18.26484;177;26.393130816726938;6.790521989576174;1.8947190524155975;3.5957943891998556;0.25813611068332387;24.114441416893733;0.9251392356370809
2020-04-16;51.69;33.180695479830625;37.23;33.333101453738934;935;23.26652;201;33.8450035953774;7.451872778650461;2.591599436667696;3.6197864807890263;0.27717641033879103;21.497326203208555;0.7969917410321349
2020-04-17;50.980000000000004;32.776737377770125;36.51;32.946690473116014;952;23.68955;17;33.133506213386205;-0.7114973819911938;2.177549797443758;3.4804103165321645;0.22873422242056282;1.7857142857142858;-0.07473711995705817
2020-04-18;59.900000000000006;34.83249098590034;42.29;35.043805847579236;1099;27.347490000000004;147;37.89546298077095;4.761956767384746;2.501396281138931;3.448176795338576;0.22760657699171347;13.375796178343949;0.43329906891580944
2020-04-19;65.65;37.78797314148265;47.08;37.9336857442223;1195;29.73635;96;40.30240900386575;2.4069460230947968;2.4895645646769373;3.3725865275201463;0.20833176273447174;8.03347280334728;0.20141807724642652
2020-04-20;63.919999999999995;37.76780364171568;45.63;37.89986928630747;1212;30.15938;17;39.345888312741245;-0.9565206911245028;2.057992139228672;3.246360421843337;0.1698013316195274;1.4026402640264026;-0.07892084910268175
2020-04-21;69.59;38.86358645988881;49.89;39.04351741999243;1313;32.67266;101;41.85462331629237;2.5087350035511236;2.1144278812421957;3.18770931578769;0.1610379193634574;7.6923076923076925;0.19106892639384032
2020-04-22;68.81000000000002;40.70289832829147;49.21;40.87678842966057;1351;33.61825;38;41.69908840204999;-0.15553491424238075;1.830273318986302;3.086535040862323;0.135475449221784;2.8127313101406366;-0.0115125769239364
2020-04-23;72.58000000000003;41.04385868011846;52.12;41.20029047656746;1453;36.156420000000004;102;44.11271226312885;2.413623861078861;1.9032841371798412;3.035974691199508;0.1309899612649581;7.019958706125258;0.166113135655806
2020-04-24;85.10999999999999;45.24363712169922;61.12;45.48969443731184;1665;41.43182;212;50.78082371370306;6.668111450574209;2.4995449775302356;3.0498993221443276;0.15012282147328743;12.732732732732734;0.40048717420866115
2020-04-25;84.40000000000002;45.14417004319482;60.32;45.304896963671474;1711;42.57649;46;50.59234596971353;-0.1884777439895302;2.16321766259715;2.9568875493695805;0.12643002119211863;2.6884862653419055;-0.011015648392140866
2020-04-26;89.13999999999999;46.673773701246304;63.63;46.86847822913766;1819;45.26396;108;52.83946587487559;2.247119905162066;2.173714303804041;2.9048634345726;0.11950051147905667;5.937328202308961;0.12353600358230159
2020-04-27;95.6;49.29467105011853;69.15;49.466272286674226;1944;48.37445;125;55.64474611110317;2.805280236227574;2.2527184012176966;2.862384059213126;0.11588057619432596;6.4300411522633745;0.14430453890059539
2020-04-28;104.69999999999999;52.21395571796081;74.42;52.37538326081416;2164;53.84893;220;61.992142723119215;6.347396612016048;2.7648841969983438;2.8647016045803704;0.1277672919130473;10.166358595194085;0.2933177731985235
2020-04-29;115.86;56.642174386157876;83.51;56.834723709998975;2538;63.15554;374;73.965705127858;11.973562404738786;3.916620307271117;2.914330383288337;0.1543191610429912;14.736012608353034;0.471771568350622
2020-04-30;110.19000000000001;61.355683337224576;78.68;61.555158011151086;2688;66.88813;150;76.8658423913162;2.9001372634582054;3.7894970219446087;2.8595923508674184;0.14097831182829645;5.580357142857143;0.10789201128936776
2020-05-01;128.94;61.934164932277774;91.93;62.136831958658675;2913;72.48703;225;82.48299417731596;5.617151785999752;4.018052827370776;2.831548032176998;0.13793521549504895;7.72399588053553;0.19283047669068834
2020-05-02;129.39;62.52571161635279;92.84;62.767499656520606;3104;77.23987;191;86.5747246235877;4.09173044627174;4.027266020214489;2.789134169574346;0.12974439498113688;6.153350515463917;0.13182121283091944
2020-05-03;125.39;65.10451467688806;90.73;65.36034678085124;3208;79.8278;104;87.22820014452917;0.6534755209414698;3.605402360115194;2.7190835456524054;0.11238785411830404;3.2418952618453867;0.020370184568000927
2020-05-04;137.39000000000001;66.43017144173103;99.63;66.58589023042177;3351;83.38620999999999;143;89.30882148868173;2.0806213441525614;3.4147494318996205;2.665139405809661;0.1019024002357392;4.26738287078484;0.06208956562675504
2020-05-05;142.47;70.35655043340945;103.77;70.54573898463953;3540;88.08928;189;93.00921878125496;3.7003972925732285;3.4504644791228865;2.627379061617372;0.09747074799782166;5.338983050847458;0.10453099696534544
2020-05-06;152.05;69.71877428554514;109.85;69.93622085785584;3714;92.4191;174;96.00094206142408;2.9917232801691256;3.3931090918310933;2.5848395816215426;0.09135996477735847;4.684975767366721;0.08055259235781168
2020-05-07;164.98000000000002;73.90286529621095;118.9;74.20460564540384;3988;99.23731;274;102.54542514789047;6.544483086466386;3.7871074025405584;2.571349677730453;0.09496257278185954;6.870611835506519;0.1641043903326576
2020-05-08;164.59;77.88334988230083;119.1;78.05899172349646;4242;105.55783999999998;254;108.08895330595637;5.543528158065897;4.006697333675958;2.5480658487967083;0.0944530253106072;5.987741631305988;0.1306819462061739
2020-05-09;173.16;77.19235116763758;125.37;77.41493511453639;4412;109.78811;170;110.34521557765883;2.256262271702468;3.787860393347986;2.5010248317692394;0.08585359005775127;3.85312783318223;0.051139217400327924
2020-05-10;178.60999999999999;79.46417071405658;129.57;79.66127997510915;4599;114.44142;187;113.12714901283564;2.7819334351768106;3.6621031526767225;2.459820591712017;0.07962824859049189;4.066101326375299;0.06048996380032204
2020-05-11;184.76999999999998;82.75254142394185;132.07;82.97968553881854;4819;119.91588999999999;220;116.99016579501398;3.8630167821783346;3.6872202173554096;2.42768553216464;0.07651421907772173;4.5652625025938995;0.08016220755713498
2020-05-12;183.61999999999998;85.58493878875387;132.46;85.76077277797086;5087;126.5848;268;122.42741493485931;5.437249139845335;3.9059956375709652;2.4066722023758467;0.07678387335504158;5.268331039905642;0.10688518065353518
2020-05-13;182.33;87.41324095318394;132.22;87.65880614028117;5401;134.39837;314;129.29940825148012;6.871993316620802;4.276777683162672;2.3939901546284044;0.07918492285063271;5.813738196630253;0.1272355733497649
2020-05-14;200.07999999999998;91.78142934012945;143.42;91.93690429700781;5813;144.65057;412;139.40378720974093;10.10437895826081;5.005283433583522;2.3981384347108365;0.08610499627702602;7.087562360227078;0.173823825189417
2020-05-15;205.79;94.42456808254809;147.42;94.6181941149574;6198;154.2309;385;148.15148971180378;8.74770250206285;5.473117054282186;2.3903112247790217;0.08830456686483036;6.211681187479832;0.14113750406684172
2020-05-16;220.18999999999997;95.84743509949297;159.5;96.10931700491642;6595;164.10984;397;156.985350059099;8.833860347295229;5.89323451065797;2.380369220001501;0.08935912828897605;6.019711902956786;0.13394784453821423
2020-05-17;228.07999999999998;97.69782841377632;166.1;97.92035374102609;6744;167.81755;149;156.7027942623635;-0.2825557967354939;5.121221256454735;2.3235882897740736;0.07593744449072858;2.2093712930011864;-0.00418973601327838
2020-05-18;240.84000000000003;100.29508844233881;174.4;100.53747940771424;7157;178.09463;413;165.74342137206156;9.04062710969805;5.611168903724685;2.315822570519234;0.078401130413926;5.77057426295934;0.12631866857200014
2020-05-19;262.96;107.03476070884636;188.89;107.25976831971995;7693;191.43245;536;178.76458021912853;13.021158847066971;6.537453900703337;2.323730407112031;0.0849792525764115;6.967372936435721;0.1692598316270242
2020-05-20;305.96;107.77725887826767;220.87;107.99967884819439;8495;211.3894;802;200.61888902329312;21.85430880416459;8.452126335052782;2.3616114069840273;0.09949530706359955;9.440847557386698;0.25726084525208465
2020-05-21;312.35;113.54029928895845;224.66;113.88241287673114;8878;220.91996;383;206.9963393975293;6.37745037423619;8.192784068511791;2.331564985329233;0.09228186605667708;4.314034692498311;0.07183431374449414
2020-05-22;339.05999999999995;115.59054307548197;245.55;115.86190551033094;9520;236.89547000000002;642;222.1663173144772;15.169977916947886;9.064956168103127;2.3336798037235;0.09522012781620931;6.743697478991597;0.1593485075309652
2020-05-23;352.09000000000003;117.80905122487428;254.7;118.09666612781689;9918;246.7993;398;228.28220983263637;6.115892518159171;8.696314754236306;2.3016960055720546;0.08768214109937796;4.01290582778786;0.061664574694083193
2020-05-24;343.16;118.95786153172904;247.26;119.28480716420688;10007;249.01397000000003;89;223.4498578653214;-4.832351967314963;7.005197465117588;2.2329355237865633;0.0700029725703766;0.8893774357949435;-0.0482897168713397
2020-05-25;352.67;123.71478179810825;254.68;124.01542176420453;10365;257.92244;358;228.10668534215108;4.656827476829676;6.711646060206398;2.2007398489353696;0.06475297694362178;3.4539315002411963;0.04492838858494622
2020-05-26;373.25;127.16234135779335;269.18;127.4557517713342;10889;270.96164;524;238.32362329596643;10.216937953815346;7.149814281468306;2.1886640030853743;0.0656608897186914;4.81219579392047;0.09382806459560425
2020-05-27;388.01;127.63948172865479;280.69;127.89179487347732;11484;285.76761;595;250.61144093558252;12.287817639616094;7.792073338709551;2.1822661175163924;0.06785156163975577;5.181121560431905;0.10699945698028643
2020-05-28;408.8;130.84247496339046;295.58;131.0721055547116;12203;303.65918999999997;719;266.71253552816546;16.10109459258294;8.83071321764694;2.185630873786491;0.07236510052976268;5.891993772023273;0.13194374000313808
2020-05-29;424.55000000000007;137.10729932531976;305.97;137.42554576308885;12903;321.07797;700;281.5755405966484;14.863005068482948;9.584757463070504;2.1822486289750325;0.07428317029427656;5.425094939161435;0.11519030511108229
2020-05-30;443.07;138.94733614291465;319.36;139.24939002096963;13437;334.36602;534;290.2167552543848;8.641214657736384;9.46681354978824;2.159832963119631;0.0704533270059406;3.9741013619111407;0.06430910662898254
2020-05-31;442.05;142.77530312637506;319.87;143.1369983017259;13690;340.66166;253;288.94522978952796;-1.2715254648568362;8.12451059116578;2.1106298742843532;0.059346315494271586;1.848064280496713;-0.00928798732546995
2020-06-01;458.96999999999997;142.6048423002345;331.09;142.88555891857914;14285;355.46763;595;299.3818084503073;10.436578660779332;8.413521093432214;2.095777448024552;0.058897592533652184;4.165208260413021;0.07305970361063586
2020-06-02;476.82000000000005;150.74663582356064;344.81;150.99457643280178;15151;377.01716;866;318.6681630615732;19.286354611265892;9.772633486301821;2.1032813877735674;0.06450157406311016;5.715794337007458;0.12729426843948183
2020-06-03;484.25;153.34346589380075;349.93;153.66158801835687;16121;401.15462;970;340.798588423998;22.13042536242483;11.317365628860541;2.114004022231859;0.07020262780758353;6.016996464239191;0.13727700119362837
2020-06-04;511.28;162.5854524286049;368.11;162.9937030728922;16894;420.38993;773;355.4583757520336;14.659787328035577;11.735170271954503;2.1040509988873777;0.06946353896030841;4.575588966496981;0.0867751114480619
2020-06-05;552.84;161.13989295959675;401.08;161.50299905274298;18109;450.62397000000004;1215;384.56472375066505;29.106347998631463;13.906576267697094;2.1236110428552935;0.07679372835439337;6.709371030979071;0.16072863216429104
2020-06-06;581.27;168.8730721996299;420.79;169.26919511281847;18950;471.55139;841;399.9960661380842;15.431342387419136;14.09717270699124;2.1107971827867242;0.07439141270180073;4.437994722955145;0.08143188594944135
2020-06-07;616.68;172.115145583978;445.8;172.51684943620418;19619;488.19877;669;409.076578613613;9.080512475528792;13.47008823676546;2.0851041266813444;0.06865838338735644;3.409959732911973;0.04628427787108819
2020-06-08;664.2;173.80948966897608;481.1;174.22597021968312;20659;514.0781099999999;1040;430.34221062682275;21.265632013209768;14.444533848375867;2.0830737723356543;0.06991884335338529;5.034125562708747;0.10293640550466997
2020-06-09;706.05;184.7393285582732;510.83;185.09311336773612;21964;546.5517;1305;459.7804359290559;29.43822530223315;16.318749722335106;2.0933365321847384;0.07429771317763206;5.941540702968494;0.1340294359052684
2020-06-10;755.0100000000001;183.11144480668577;546.22;183.56135982061127;23391;582.06114;1427;492.28852710282086;32.50809117376497;18.342421600670328;2.1046065884435077;0.07841657731892748;6.10063699713565;0.138976919215788
