date;n_mean_ICU;n_std_ICU;n_mean_ICU_SUS;n_std_ICU_SUS;confirmed;confirmed_per_100k_inhabitants;growth_rate;growth_rate_EWM;growth_accel;growth_accel_EWM;growth_rate_EWM_NORM_(%);growth_accel_EWM_NORM_(%);growth_rate_NORM_(%);growth_accel_NORM_(%)
2020-03-10;0.0;0.9673456340716984;0.0;0.9673456340716984;1;0.008790000000000001;0;0.0;0.0;0.0;0.0;0.0;0.0;0.0
2020-03-11;0.0;1.3626326272211733;0.0;1.3626326272211733;2;0.017580000000000002;1;0.5081967213114754;0.5081967213114754;0.2710382513661202;25.40983606557377;13.55191256830601;50.0;25.40983606557377
2020-03-12;0.0;1.9189117286165673;0.0;1.9189117286165673;4;0.035160000000000004;2;1.0218559656037263;0.5136592442922508;0.3629183906990927;25.546399140093158;9.072959767477318;50.0;12.84148110730627
2020-03-13;0.0;1.9574772467942443;0.0;1.9574772467942443;4;0.035160000000000004;0;0.7536931492851543;-0.268162816318572;0.17229091105717864;18.84232873212886;4.307272776429466;0.0;-6.704070407964299
2020-03-16;0.0;2.7406406388125957;0.0;2.7406406388125957;8;0.07032000000000001;4;1.4462152047826466;0.6925220554974924;0.30579550147303763;18.077690059783084;3.8224437684129704;50.0;8.656525693718654
2020-03-18;0.39;4.310933597824083;0.0;4.310933597824083;19;0.16699999999999998;11;3.1718328421659807;1.725617637383334;0.6277771046392966;16.693857064031477;3.3040900244173503;57.89473684210526;9.082198091491232
2020-03-19;1.26;5.427187451743642;0.75;5.444434188817387;31;0.27247;12;4.560379124958382;1.3885462827924009;0.7843644681376445;14.710900403091554;2.530207961734337;38.70967741935484;4.479181557394842
2020-03-20;2.06;6.5182257299564785;1.62;6.5378028929195064;43;0.37795;12;5.600484512524757;1.040105387566375;0.8330665539800144;13.024382587266874;1.9373640790232893;27.906976744186046;2.4188497385264536
2020-03-21;4.26;8.417033835375653;3.02;8.46439948170327;69;0.60647;26;8.175523269121243;2.575038756596486;1.14442560787551;11.848584448001802;1.6585878375007392;37.68115942028985;3.731940226951429
2020-03-22;4.87;8.779468875585456;3.18;8.82307620602779;77;0.67679;8;8.155270133003663;-0.02025313611757973;0.9468682488165276;10.59125991299177;1.229699024437049;10.38961038961039;-0.02630277417867497
2020-03-23;6.15;9.67087802726215;4.77;9.71097223856509;96;0.8437899999999999;19;9.310573631316599;1.1553034983129358;0.9807135410356955;9.698514199288123;1.0215766052455162;19.791666666666668;1.2034411440759747
2020-03-24;7.24;10.515541360339471;5.52;10.579518424815474;112;0.9844200000000001;16;9.973936959858413;0.6633633285418146;0.9310395705352447;8.90530085701644;0.8312853308350399;14.285714285714286;0.5922886861980486
2020-03-25;10.879999999999999;12.68591941938587;7.72;12.74418108452448;162;1.4239;50;13.694241835403254;3.7203048755448407;1.3542917293704653;8.453235700866207;0.8359825489941144;30.864197530864196;2.296484491077062
2020-03-26;12.37;14.075242359360903;9.04;14.160185290975097;190;1.67;28;14.9478403602442;1.253598524840946;1.3394101965429057;7.8672844001285265;0.704952735022582;14.736842105263158;0.6597886972847085
2020-03-27;12.35;14.082115565066164;9.39;14.150048720335867;197;1.73153;7;14.28791985866525;-0.6599205015789504;1.0505116807596229;7.252751197292005;0.5332546602840725;3.553299492385787;-0.3349850261822084
2020-03-28;12.61;13.996283236789846;9.13;14.080093907515122;200;1.7579;3;13.395955811652007;-0.8919640470132428;0.7751965605295444;6.697977905826003;0.3875982802647722;1.5;-0.4459820235066214
2020-03-29;15.73;15.444110478912295;11.65;15.516702242578754;230;2.0215799999999997;30;14.649384591219162;1.2534287795671553;0.8418627894267585;6.369297648356157;0.3660272997507646;13.043478260869565;0.5449690345944154
2020-03-30;17.14;16.092765737775128;13.37;16.194141196460805;254;2.23253;24;15.326005426437543;0.6766208352183813;0.819154859222536;6.033860404109269;0.3225019130797386;9.448818897637794;0.2663861555977879
2020-03-31;21.52;17.46950867464032;16.48;17.578206203516142;305;2.68079;51;17.807884112068226;2.481878685630683;1.044846588306954;5.838650528546959;0.34257265190391933;16.721311475409838;0.8137307166002239
2020-04-01;22.57;18.123586033317764;17.13;18.23286786841474;316;2.7774799999999997;11;17.35128913411431;-0.456594977953916;0.843211476726628;5.490914282947567;0.2668390749134899;3.481012658227848;-0.1444920816309861
2020-04-02;27.189999999999998;20.925746091715574;20.57;21.03454181804181;386;3.3927400000000003;70;20.7635788190389;3.412289684924591;1.1850470143576;5.379165497160337;0.3070069985382383;18.134715025906736;0.8840128717421221
2020-04-03;27.14;20.888717509505444;21.11;20.991341529114315;410;3.6036900000000003;24;20.966725751504594;0.2031469324656925;1.055441999293788;5.1138355491474625;0.2574248778765337;5.853658536585366;0.049548032308705484
2020-04-04;25.360000000000003;21.60884456967479;19.43;21.74045224084273;418;3.674;8;20.17691516007416;-0.7898105914304345;0.8135712168879113;4.8270131961899905;0.19463426241337592;1.9138755980861244;-0.18894990225608482
2020-04-05;27.869999999999997;23.112996584413523;21.08;23.19664223785656;468;4.11348;50;21.942857444910576;1.7659422848364166;0.9376513972787351;4.688644753186021;0.2003528626663964;10.683760683760683;0.37733809505051635
2020-04-06;28.019999999999996;24.294876418743524;21.48;24.394479297620194;501;4.40353;33;22.58040864499781;0.6375512000872341;0.8987582518915515;4.507067593811938;0.17939286464901227;6.586826347305389;0.12725572856032616
2020-04-07;31.490000000000002;25.96702767477684;23.75;26.090880135837242;555;4.87816;54;24.347173280527674;1.7667646355298636;1.0107371788019701;4.3868780685635445;0.18211480699134597;9.72972972972973;0.31833597036574124
2020-04-08;30.640000000000004;26.619727096780515;23.35;26.693021011250693;581;5.10669;26;24.437937960941888;0.09076468041421393;0.8925279258917493;4.2061855354461075;0.15361926435314102;4.475043029259897;0.01562214809194732
2020-04-09;32.489999999999995;28.855866287323956;24.67;28.943429637690127;636;5.59011;55;26.079065448354363;1.6411274874124757;0.9883823611131219;4.100481988734963;0.15540603162156005;8.647798742138365;0.25803891311516913
2020-04-10;33.29;28.524510548302178;25.76;28.608566934053204;640;5.6252699999999995;4;24.918345527506318;-1.1607199208480452;0.714035933356797;3.893491488672862;0.11156811458699953;0.625;-0.18136248763250706
2020-04-11;34.01;28.926864396930128;26.81;29.03923869247236;653;5.73953;13;24.304259375152622;-0.6140861523536962;0.5449419559220129;3.721938648568549;0.0834520606312424;1.9908116385911179;-0.09404075840025976
2020-04-12;31.070000000000004;29.419882835602966;24.22;29.514760816591515;664;5.8362099999999995;11;23.631722138451142;-0.6725372367014799;0.3902933118190547;3.5589942979595093;0.05877911322576125;1.6566265060240963;-0.10128572841889757
2020-04-13;31.479999999999997;30.452777385733643;24.01;30.52968310521828;685;6.02079;21;23.50107703427958;-0.13064510417156328;0.3242554528275686;3.43081416558826;0.04733656245657936;3.065693430656934;-0.019072277981250114
2020-04-14;28.830000000000002;31.82744640156424;21.76;31.904682171186796;720;6.3284199999999995;35;24.062157575479176;0.5610805411995976;0.3542241275102198;3.3419663299276636;0.049197795487530525;4.861111111111111;0.07792785294438856
2020-04-15;31.08;33.0755940417118;24.12;33.15630439617964;762;6.69758;42;24.923181925412973;0.8610243499337962;0.4182575641872258;3.270758782862595;0.05488944411905851;5.511811023622047;0.11299532151362154
2020-04-16;28.330000000000002;34.47876780415636;21.14;34.56278098320402;792;6.96127;30;25.1630946364499;0.23991271103692924;0.39575430860109306;3.1771584136931694;0.049968978358723874;3.787878787878788;0.030292008969309246
2020-04-17;30.71;34.770444389312935;23.13;34.85336286544389;831;7.304060000000001;39;25.807316189292383;0.6442215528424811;0.4270685917990793;3.1055735486513094;0.051392128977025185;4.693140794223827;0.07752365256828894
2020-04-18;31.99;34.631834846691056;23.92;34.69434514223442;854;7.50621;23;25.678455300680124;-0.12886088861225886;0.3570769760052522;3.0068448829836214;0.04181229227227777;2.693208430913349;-0.015089097027196588
2020-04-19;30.05;36.30515155309133;22.97;36.37434713218823;869;7.63806;15;25.19489250288068;-0.48356279779944344;0.2513354712986685;2.8992971809989276;0.028922378745531475;1.7261219792865363;-0.055645891576460695
2020-04-20;29.49;37.57636078572524;22.15;37.64426104865109;904;7.945689999999999;35;25.633197333989266;0.4383048311085851;0.2748352819858322;2.8355306785386354;0.030402132963034536;3.8716814159292037;0.048485047689002775
2020-04-21;27.250000000000004;37.85661522325545;20.97;37.91137581467621;918;8.06874;14;25.11956524898798;-0.5136320850012872;0.17580250875670383;2.7363360837677537;0.019150600082429612;1.5250544662309369;-0.05595120751648009
2020-04-22;29.02;39.09356538543721;22.63;39.15277709876344;970;8.525789999999999;52;26.292446999202763;1.1728817502147848;0.30096197236453154;2.710561546309563;0.031027007460260984;5.360824742268041;0.12091564435203966
2020-04-23;29.769999999999996;40.37220424695159;22.72;40.4355842761988;1039;9.13227;69;28.1349589723169;1.842511973114135;0.49436497588253087;2.707888255275929;0.04758084464701934;6.641000962463908;0.17733512734496007
2020-04-24;34.12;41.83668623530687;26.56;41.909601705951765;1096;9.63327;57;29.36686132813456;1.2319023558176632;0.5868539294097738;2.6794581503772408;0.05354506655198666;5.200729927007299;0.11239984998336343
2020-04-25;38.5;42.35586348685589;29.06;42.44025885544493;1166;10.24853;70;31.083119304775842;1.7162579766412804;0.7284269331596688;2.665790677939609;0.06247229272381379;6.003430531732419;0.1471919362471081
2020-04-26;40.37;42.42860245236233;31.51;42.495837514521426;1208;10.61769;42;31.539669007647834;0.4565497028719925;0.6943585816772948;2.610899752288728;0.05748001503951116;3.4768211920529803;0.037793849575496065
2020-04-27;42.25;45.07704534651442;32.75;45.144739640092254;1256;11.039589999999999;48;32.2215284673963;0.6818594597484626;0.692792825587812;2.565408317467858;0.055158664457628334;3.821656050955414;0.05428817354685212
2020-04-28;46.43000000000001;45.237799013612054;35.86;45.33783033622098;1350;11.8658;94;34.7574201976109;2.535891730214601;0.9236143536599125;2.5746237183415484;0.06841587804888241;6.962962962962963;0.18784383186774822
2020-04-29;47.1;46.643055823623484;36.44;46.7407857931984;1420;12.481060000000001;70;36.19145746043256;1.4340372628216613;0.9875223994645762;2.5486941873544056;0.0695438309482096;4.929577464788732;0.10098853963532826
2020-04-30;53.54;48.169077867717824;41.46;48.25462115306951;1529;13.439110000000001;109;39.1292984609111;2.9378410004785422;1.231663814219502;2.559143130210013;0.08055355227073265;7.128842380640942;0.19214133423666072
2020-05-01;55.68999999999999;49.28566510506362;42.9;49.37536617432306;1619;14.230170000000001;90;41.16546567316167;2.036167212250568;1.332353617504901;2.5426476635677377;0.08229484975323664;5.558987029030265;0.12576696802041804
2020-05-02;58.540000000000006;49.44600532322346;45.28;49.54804781648055;1666;14.643270000000001;47;41.39720046188811;0.23173478872644182;1.1946244062262226;2.4848259580965255;0.07170614683230628;2.8211284513805523;0.013909651184060134
2020-05-03;57.85999999999999;50.16461759632838;43.99;50.25314675307267;1690;14.854220000000002;24;40.711338507724875;-0.6858619541632365;0.9593366152061766;2.408954941285496;0.05676548018971459;1.4201183431952662;-0.04058354758362346
2020-05-04;64.5;51.87152125368715;49.84;51.94448110407608;1768;15.5398;78;42.170936446214675;1.4595979384898001;1.0219221130387273;2.3852339618899703;0.05780102449314068;4.411764705882353;0.0825564444847172
2020-05-05;81.35999999999999;53.6867686989386;63.14;53.840036527971755;2019;17.74596;251;50.289280522237476;8.118344076022801;1.9096305584588418;2.4908014126913063;0.09458298952247855;12.431896978702328;0.40209727964451714
2020-05-06;81.99;54.88514473080318;63.01;55.01098992129856;2100;18.457910000000002;81;51.47532789312042;1.186047370882946;1.8191241645495508;2.4512060901485913;0.08662496021664529;3.857142857142857;0.05647844623252124
2020-05-07;83.46;56.55521776605283;63.9;56.68670617142662;2182;19.178639999999998;82;52.64673770807124;1.1714098149508203;1.7381140576975547;2.4127744137521194;0.07965692290089618;3.758020164986251;0.053685142756682874
2020-05-08;100.1;60.89583955203734;77.03;61.01321475506331;2493;21.91217;311;62.50097419923298;9.854236491161736;2.7531316264943433;2.5070587324200955;0.1104344816082769;12.474929803449658;0.39527623309914706
2020-05-09;100.02999999999997;60.83867934168529;76.6;60.96839266407148;2542;22.34285;49;61.98902595879885;-0.5119482404341298;2.3448198526061312;2.438592681306013;0.09224310985862043;1.927616050354052;-0.020139584596149875
2020-05-10;100.26999999999998;60.85160201405357;77.19;61.00763368363641;2576;22.6417;34;60.93367478311089;-1.05535117568796;1.9196373907870299;2.3654376856797708;0.07452008504608035;1.3198757763975155;-0.04096860154068168
2020-05-11;112.07000000000001;64.4237057896918;87.04;64.55642700519266;2808;24.68086;232;67.34893385775194;6.415259074641057;2.481776450216203;2.3984663054754964;0.08838235221567674;8.262108262108262;0.22846364225929688
2020-05-12;118.53;66.00267506822445;92.18;66.14031082601304;2917;25.63891;109;68.90276746984347;1.5538336120915233;2.365749940538386;2.3621106434639514;0.08110215771472012;3.7367158039081247;0.05326820747656919
2020-05-13;114.77000000000001;66.28372308843738;88.75;66.4623159878186;2997;26.34207;80;69.31468124017758;0.4119137703341096;2.1214584169792237;2.3128021768494356;0.07078606663260674;2.669336002669336;0.013744203214351337
2020-05-14;116.28;68.67824921437293;89.88;68.85976702800784;3101;27.25617;104;70.59592429095866;1.281243050781086;2.0164081667581453;2.2765535082540684;0.06502444910539004;3.3537568526281842;0.04131709289845488
2020-05-15;153.21;72.3422661918866;118.82;72.54137493718862;3695;32.47712;594;89.83989760483672;19.243973313878058;4.170272347003764;2.4313910041904387;0.11286258043311946;16.07577807848444;0.5208111857612465
2020-05-16;151.3;72.90383409850696;116.66;73.1135652684413;3734;32.81991;39;87.97905976483882;-1.8608378399978989;3.41625536874414;2.3561612149126625;0.0914905026444601;1.0444563470808783;-0.04983497161215583
2020-05-17;150.01999999999998;73.32078444972635;115.46;73.49425713838622;3735;32.8287;1;84.809228507658;-3.1698312571808174;2.5928720412144366;2.2706620751715665;0.06942093818512549;0.02677376171352075;-0.08486830675182912
2020-05-18;147.22000000000003;75.73146732656342;113.79;75.89401190762248;3750;32.96055;15;82.27573202295912;-2.5334964846988868;1.9519925466883832;2.1940195206122435;0.052053134578356884;0.4;-0.06755990625863698
2020-05-19;131.79000000000002;75.67594377116527;101.43;75.81235760518577;3798;33.38244;48;81.03680439257298;-1.2389276303861436;1.553082086154067;2.133670468472169;0.04089210337425137;1.263823064770932;-0.032620527393000094
2020-05-20;209.02;84.93593184978852;161.76;85.09603351033418;4973;43.71008;1175;120.42596388442901;39.389159491856034;6.283063189531172;2.421595895524412;0.1263435187921008;23.62758898049467;0.7920603155410423
2020-05-21;238.1;88.72681081598593;183.61;88.9353971013553;5473;48.104820000000004;500;134.0418486336067;13.615884749177681;7.199745827905893;2.44914760887277;0.13155026179254328;9.13575735428467;0.24878283846478497
2020-05-22;250.35;93.41510761275731;194.37;93.60873586531885;5918;52.01614;445;145.1562187243538;11.114370090747116;7.689111203399738;2.4527918000059783;0.12992752962824838;7.519432240621832;0.1878061860552064
2020-05-23;279.32;93.7375209310713;216.75;93.97739265537766;6336;55.69014;418;154.8744313996265;9.718212675272696;7.942765823842082;2.4443565561809737;0.12535930908841672;6.597222222222222;0.1533808818698342
2020-05-24;285.40999999999997;97.1164198737315;220.08;97.33566976751591;6470;56.86793;134;154.13341104310544;-0.7410203565210622;6.857229130399905;2.3822783777914287;0.10598499428747922;2.071097372488408;-0.011453173980232802
2020-05-25;276.68999999999994;95.55943184820386;213.71;95.81320845870634;6559;57.65019;89;151.82871272491278;-2.3046983181926635;5.711929650931801;2.314814952354212;0.08708537354675716;1.3569141637444733;-0.035137952709142606
2020-05-26;281.26;99.67253429570904;217.65;99.97700532087013;6785;59.63661;226;154.44503056017933;2.616317835266557;5.324960864657427;2.2762716368486267;0.07848136867586482;3.3308769344141487;0.03856032181675102
2020-05-27;295.30999999999995;99.67577765693707;228.41;99.96060499774477;7048;61.94825;263;158.26268453935361;3.817653979174281;5.136540129333744;2.245497794258706;0.07287940024593847;3.73155505107832;0.05416648665116744
2020-05-28;378.84000000000003;107.95215885761712;293.0;108.23626287903792;8234;72.37257;1186;194.3012150027492;36.038530463395574;8.999421212433305;2.3597427131740245;0.10929586121488104;14.403692008744232;0.43767950526348764
2020-05-29;377.03000000000003;111.12337554686364;293.27;111.5071374080121;8843;77.72536;609;208.8022831638801;14.501068161130917;9.687147689401773;2.3612154604080073;0.10954594243358332;6.886803121112744;0.16398358205508215
2020-05-30;407.2699999999999;113.21326776924116;316.39;113.495382721016;9242;81.23236;399;215.43508979420082;6.632806630320715;9.30534504607062;2.3310440358602125;0.10068540409078792;4.317247349058645;0.07176808732223236
2020-05-31;406.93999999999994;114.22847594698845;315.79;114.53074092649413;9332;82.02342;90;211.0721741373695;-4.362915656831319;7.596773258983618;2.2618106958569384;0.08140562857890718;0.9644234890698671;-0.04675220378087569
2020-06-01;415.75;116.96756242478494;322.07;117.24340390655657;9496;83.46489;164;209.43902002837137;-1.6331541089981272;6.443009176345757;2.2055499160527736;0.06784971752680873;1.7270429654591406;-0.017198337289365283
2020-06-02;450.12000000000006;115.75554144729995;349.91;116.08991030988686;9919;87.18284;423;216.83044023597762;7.391420207606245;6.561562637703335;2.18601109220665;0.06615145314752832;4.264542796652888;0.07451779622548892
2020-06-03;397.15;124.36995260962838;307.03;124.66681279362687;10398;91.39299999999999;479;225.88292636120627;9.052486125228654;6.872932859344066;2.1723689782766518;0.06609860414833685;4.606655125985767;0.08705987810375701
2020-06-04;407.36;128.7325813891383;316.23;128.97842692136973;11010;96.77216;612;239.1850021315696;13.30207577036333;7.676586531222748;2.1724341701323304;0.06972376504289508;5.55858310626703;0.12081812688795032
2020-06-05;421.6;132.6561574031515;326.92;132.89871969650312;11583;101.80853;573;250.6600622138191;11.475060082249485;8.151401312487888;2.164034034480006;0.0703738350383138;4.946904946904947;0.09906811777820498
2020-06-06;413.91;134.65247151032315;320.87;134.89937429001807;12037;105.79896000000001;454;257.6352063704243;6.975144156605239;8.004367654060259;2.1403606078792414;0.06649802819689506;3.771703912935117;0.05794752975496585
2020-06-07;416.4599999999999;139.23634083852178;322.91;139.46877969675154;12135;106.66032;98;252.1704344999034;-5.464771870520934;6.320710044577055;2.0780423114948774;0.05208660934962551;0.80758137618459;-0.045033142731940125
2020-06-08;411.77;134.00546762929287;318.36;134.26435027417165;12250;107.67111000000001;115;247.48395123987902;-4.686483260024374;4.944800034775213;2.020277152978604;0.04036571456959357;0.9387755102040817;-0.03825700620428061
2020-06-09;439.65;140.14742065468639;340.97;140.39525852450151;12802;112.52291000000001;552;257.86805894115474;10.384107701275724;5.6247181830932815;2.0142794793091294;0.043936245767015165;4.311826277144196;0.08111316748379725
2020-06-10;482.52;143.71751204598164;374.49;144.00261514530519;13619;119.70391000000001;817;276.8995991397729;19.03154019861813;7.300581049972471;2.0331859838444295;0.053605852485296056;5.998972024377708;0.1397425669918359
